/Constellations/ConstellationFigures/dhmenz11/DHMENZEL.TXT
0 8960
1 8975
1 8964
1 8761
0 214
1 162
1 164
1 153
1 67
1 62
1 8975
0 336
1 268
1 225
1 334
0 336
1 153
0 14
1 164
1 336
1 457
1 602
0 602
0 6162
1 6101
1 5469
0 7949
1 8092
1 8231
0 8417
1 8231
1 8413
1 8538
1 8557
1 8596
0 8557
1 8517
1 8413
1 8498
1 8697
1 8672
1 8708
1 8840
1 8697
1 8833
1 8840
1 8811
0 8840
1 8891
0 7709
1 7569
1 7376
1 7234
1 7175
0 7601
1 7556
1 7524
1 7376
1 7235
1 7192
0 6509
1 6460
1 6461
1 6499
1 6228
1 6284
1 6294
1 6509
0 837
1 616
1 552
1 545
1 616
0 2087
1 2076
1 1707
1 1604
1 1611
1 1640
1 1707
1 2087
1 2094
1 1790
1 1576
1 1640
0 5350
1 5327
1 5403
1 5350
1 5434
1 5428
1 5504
1 5339
1 5234
1 5199
1 5184
0 5339
1 5476
1 5504
1 5680
1 5732
1 5601
1 5434
0 5601
1 5680
0 1541
1 1602
1 1567
//1 3715012501
1 1541
0 3571
1 3460
1 3473
0 3460
1 3248
0 4913
1 4784
0 2595
1 2573
1 2656
1 2595
1 2490
1 2422
1 2386
0 2490
1 2579
1 2692
0 2293
1 2422
1 2579
1 2617
1 2537
0 2826
1 2748
1 2692
1 2645
1 2617
1 2281
0 2942
1 2844
0 8321
1 8277
1 8166
1 8074
1 7775
0 8166
1 8203
1 8074
1 7979
0 7935
1 7775
1 7746
0 2325
1 3684
1 4036
1 4198
//1 8957042621
//1 8628024841
//1 8627030911
//1 8613033631
//1 8943034471
1 3698
1 3306
1 3205
0 541
1 402
1 263
1 167
1 20
0 4389
1 4620
1 4742
0 4466
1 4637
1 4742
1 4818
1 5131
1 5266
0 5458
1 5131
1 5230
1 5189
1 5167
1 5027
1 5167
1 5209
0 5167
1 5191
0 5575
1 5439
1 5247
1 5189
0 4818
1 5230
1 5259
1 5247
1 5284
1 5366
1 5287
1 5189
0 8237
1 8973
1 8693
1 8237
1 8161
1 7956
1 7849
0 8161
1 8315
1 8493
1 8464
1 8570
1 8693
0 8333
1 8464
0 803
1 648
1 812
1 895
1 910
1 803
1 32
1 680
1 538
0 584
1 508
1 538
1 401
1 333
1 73
1 187
1 508
0 333
1 187
0 3317
1 4173
1 4673
0 5703
1 5462
1 5669
0 2105
1 2295
1 2255
1 2105
0 1861
1 1955
1 2039
1 2105
1 2119
1 2039
0 7225
1 7253
1 7258
1 7241
1 7187
0 5777
1 5746
1 5792
1 5848
1 5946
0 4622
1 4629
1 4661
1 4756
1 4785
1 4629
0 4774
1 4756
0 4566
1 4513
1 4404
1 4381
1 4401
1 4467
1 4566
0 4404
1 4342
0 4286
1 4381
0 4729
1 4762
0 4852
1 4655
0 7327
1 7407
//1 3576021571
1 7923
1 8027
1 8114
1 7948
1 7795
1 7527
1 7327
0 7416
1 7795
1 7923
1 8078
0 8129
1 8142
1 8027
0 7851
1 7881
1 7927
1 7946
1 7905
1 7881
0 1337
1 1464
1 1921
1 2014
//1 8896015351
1 1921
0 4433
1 4786
1 5290
1 5743
1 5985
1 6131
1 6395
1 6919
1 7309
1 6687
1 6553
1 6535
1 6704
1 6687
0 7581
1 7309
0 6926
1 6919
0 1480
1 1678
1 1665
1 1559
1 1519
1 1462
1 1297
1 1230
1 1135
1 1083
1 873
1 817
1 817
1 817
1 817
1 1346
1 1392
1 882
1 882
1 882
1 882
1 896
1 793
1 882
1 720
1 673
1 565
1 471
0 962
1 840
0 2889
1 2696
1 2472
1 2285
1 2215
1 2133
0 2472
1 2342
0 2989
1 2904
1 2776
1 2649
1 2420
0 2776
1 2762
1 2483
0 2984
1 2904
1 2820
1 2696
1 2539
0 8352
1 8410
1 8424
1 8555
1 8786
1 8819
1 8635
1 8424
0 8635
1 8674
0 8635
1 8746
0 6022
1 6091
1 6167
1 6219
1 6211
1 6147
1 6094
0 6219
1 6417
0 6147
1 6405
0 6587
1 6417
1 6323
1 6409
1 6405
0 6147
1 6525
1 6622
1 6702
1 6778
0 6694
1 6706
1 6702
1 6728
1 6786
0 5286
1 3296
1 5019
1 4551
1 4449
1 4551
1 3747
1 4231
1 4093
1 3993
1 3902
1 3747
1 3844
1 3758
1 3664
1 3546
1 3453
1 3417
1 3409
1 3481
1 3546
0 97
1 1207
1 805
1 704
1 590
0 7868
1 7985
0 8497
1 8584
0 3730
1 3772
1 3872
1 3904
1 3730
0 3904
1 4030
1 4056
1 3974
1 3981
0 3851
1 3974
1 4358
1 4356
1 4533
0 4358
1 4398
1 4385
0 4358
1 4132
0 4056
1 4299
1 4356
0 3974
1 3872
0 4246
1 4099
1 3973
1 4246
0 1704
1 1701
1 1653
1 1828
1 1864
1 1701
1 1755
0 1864
1 1997
1 2084
1 2034
1 1982
1 1828
0 5811
1 5793
1 5786
1 5529
1 5602
0 5786
1 5684
1 5529
0 5882
1 5704
1 5947
1 5986
0 5704
1 5775
1 5796
0 5704
1 5694
1 5625
1 5604
1 5645
1 5648
0 5625
1 5707
1 5682
0 5604
1 5468
1 5395
0 5468
1 5353
0 5424
1 5452
1 5468
1 5570
1 5704
0 3704
1 3689
//1 2986019781
1 3274
1 2817
1 2237
0 7000
1 7050
1 7055
1 7105
1 7177
1 7130
1 7055
1 7000
0 2969
1 3187
1 2713
1 2355
1 2226
0 2713
1 2106
1 2384
0 4922
1 4797
1 4772
0 4843
1 4797
1 4670
1 4843
0 5338
1 8253
1 8629
1 5338
0 6491
1 6452
1 6485
1 6444
1 6377
1 6174
1 6146
0 6174
1 6298
1 6280
1 6074
0 6298
1 6555
1 6602
1 6298
0 6377
1 6602
1 6628
1 6751
1 6868
0 2003
1 1947
1 2060
1 2123
1 2198
1 2046
1 2046
1 2158
1 2198
0 2060
1 1838
1 1789
1 1542
0 1838
1 1878
0 1542
1 1542
1 1542
1 1542
1 1555
0 1789
1 1851
1 1787
1 1712
0 1947
1 1902
1 1851
0 7789
1 8180
1 7912
1 7664
1 7589
1 6981
1 7106
1 7664
1 7789
0 7106
1 7073
1 6854
1 6744
1 7073
0 6581
1 6744
0 8307
1 8633
1 8664
1 8780
1 38
1 14
1 8774
1 8780
1 8666
1 8683
1 8649
1 8448
0 8666
1 8429
1 8314
1 8172
0 8312
1 8429
1 8664
0 8449
1 8633
0 1260
1 1302
1 1272
1 1121
1 1051
1 1016
1 914
1 833
1 853
1 914
0 853
1 936
1 940
1 935
1 920
1 839
0 935
1 1219
0 1130
1 1202
1 1227
1 1219
1 1134
1 1051
0 936
1 798
//1 3282022711
0 321
1 439
1 554
1 321
1 428
1 99
1 98
1 24
1 99
1 337
1 321
1 99
0 2549
1 2041
1 2019
0 351
1 382
1 359
1 351
0 359
1 436
1 509
1 594
1 293
1 223
1 9071
1 8968
1 8915
1 8851
1 8910
1 8983
1 8968
0 8727
1 8627
1 8304
1 8575
1 8694
1 8719
1 8727
0 2325
1 2450
1 2772
1 2992
1 3044
1 3184
1 3164
1 3205
0 3517
1 3467
1 3437
1 3164
0 1174
1 1335
1 1354
1 1246
1 1174
0 7634
1 7535
1 7487
0 7535
1 7478
0 7336
1 7347
1 7193
1 7038
1 7120
1 7263
1 7339
0 7580
1 7622
1 7233
1 7193
0 7347
1 7622
0 7263
1 7144
1 7120
1 7233
0 7038
1 6858
1 6741
1 6811
1 6912
1 6858
1 6878
1 6831
1 6741
0 5884
1 6526
1 5884
1 6579
1 6614
1 6552
1 6379
1 6261
1 6246
1 6240
1 6164
1 6133
1 6083
1 5927
1 5943
0 5952
1 5983
1 6025
1 6083
0 279
1 8862
1 8936
1 279
0 7062
1 6972
0 7140
1 6868
1 6697
1 6580
1 6560
1 6445
1 6074
1 6055
1 5880
1 5891
1 5853
1 5867
1 5788
1 5866
1 5932
1 5878
1 5841
1 5866
0 1790
1 1408
1 1372
1 1345
1 1456
1 1909
0 1372
1 1238
1 1065
1 1037
1 1029
1 1100
0 1037
1 1250
0 1319
1 1238
1 1472
1 1457
0 6896
1 6904
0 543
1 621
1 663
1 543
0 6216
1 5896
1 5770
1 5670
1 6216
0 8501
1 8847
1 76
0 125
1 8847
0 5190
1 5053
1 4904
1 4659
1 4553
1 4294
1 4300
1 4659
0 4553
1 4517
1 4376
1 4373
0 4517
1 4334
1 4068
1 4032
0 4300
1 3756
1 3322
1 3887
1 4294
0 3887
1 3774
1 3568
0 3774
1 3593
0 423
1 6788
1 6321
1 5902
1 5562
1 5734
1 6115
1 5902
0 3205
//1 8569040181
1 3484
1 3939
1 4215
//1 8201033371
//1 7716037041
1 3785
1 3633
1 3205
0 4607
1 4516
1 4539
1 4688
1 4824
1 4607
0 4931
1 4909
1 4824
1 4962
1 5055
1 5314
1 5337
1 5263
1 5106
1 4909
0 5106
1 5055
0 5337
1 5486
0 5263
1 5510
0 3614
1 3346
1 3222
1 3023
1 2734
1 3222
1 3614
0 3222
1 2802
;Constellations/ConstellationFigures/Karkoschka_cf/Karkoschka.txt
0 602
1 336
1 164
1 14
0 6162
1 6101
1 6019
1 5469
0 8811
1 8708
1 8672
1 8697
1 8596
1 8557
1 8517
1 8413
1 8231
1 7949
0 7234
1 7556
1 7601
1 7709
1 7569
1 7376
1 7234
0 7524
1 7556
1 7376
1 7235
0 6499
1 6461
1 6460
1 6509
0 6294
1 6284
1 6228
0 6284
1 6460
0 616
1 552
1 545
0 2087
1 2094
1 2087
1 1576
1 1550
1 1604
1 1707
1 2087
0 5680
1 5504
1 5339
1 5428
1 5434
1 5601
1 5680
0 5234
1 5339
0 1602
1 1541
0 3571
1 3460
1 3448
1 3473
0 3460
1 3248
0 4913
1 4784
0 2293
1 2490
1 2579
1 2692
1 2645
1 2617
1 2281
0 2692
1 2826
0 2942
1 2844
0 7746
1 7775
1 7821
1 7935
1 7979
1 8079
1 8203
1 8259
1 8321
1 8277
1 8166
1 8074
1 7775
0 3698
1 3889
1 3684
1 4036
1 4198
//1 8956043241
//1 8943034471
1 3698
1 3306
1 2325
0 541
1 402
1 263
1 167
1 20
0 5458
1 5266
1 5131
1 5230
1 5192
1 5189
1 5287
1 5439
1 5575
0 5131
1 4818
1 4620
0 5189
1 5027
0 7956
1 8161
1 8237
1 8973
1 8693
1 8570
1 8464
1 8161
0 803
1 910
0 812
1 648
1 803
1 778
1 680
1 538
1 401
1 333
1 73
1 187
1 333
0 538
1 508
0 3317
1 4173
1 4233
0 5703
1 5462
1 5669
0 1861
1 1955
1 2039
1 2105
1 2295
0 4967
1 4982
1 4736
0 7151
1 7225
1 7253
1 7258
1 7241
1 7187
0 5777
1 5746
1 5792
1 5848
1 5888
1 5946
0 4629
1 4661
1 4756
1 4785
1 4629
0 4404
1 4342
1 4286
1 4381
1 4404
0 4729
1 4762
0 4852
1 4655
0 7327
1 7407
1 7527
1 7795
1 7948
1 8114
0 7923
1 7795
1 7614
1 7416
0 7851
1 7881
1 7927
1 7946
1 7905
1 7881
0 1337
1 1464
1 1921
0 6687
1 6553
1 6535
1 6704
1 6687
1 7309
1 7581
1 6926
1 6395
1 6131
1 5985
1 5743
1 5290
1 4786
1 4433
0 8130
1 8122
1 8096
0 1665
1 1519
1 1462
1 1297
1 1230
1 1135
1 1083
1 873
1 1161
1 817
1 817
1 817
1 817
1 817
1 1346
1 1392
1 882
1 882
1 896
1 793
1 720
1 673
1 565
1 471
0 962
1 840
0 2420
1 2649
1 2776
1 2989
1 2889
1 2472
1 2285
1 2215
0 8352
1 8410
1 8485
1 8555
1 8559
1 8635
1 8674
0 8424
1 8559
0 6694
1 6483
1 6417
1 6219
1 6167
1 6091
0 6219
1 6211
0 6417
1 6323
0 6094
1 6147
1 6211
1 6323
1 6409
1 6525
1 6622
1 6702
1 6778
0 5286
1 5019
1 4551
1 4449
1 4551
1 3747
1 4231
1 4093
1 3993
1 3902
1 3747
1 3844
1 3664
1 3546
1 3481
1 3409
1 3417
1 3453
1 3491
1 3481
0 590
1 1207
1 97
0 7868
1 7919
1 7985
1 7868
0 8537
1 8584
1 8540
1 8571
1 8522
0 3872
1 3904
1 4030
1 4056
1 3974
1 3981
1 4358
1 4533
1 4356
1 4056
0 4246
1 4099
0 1701
1 1864
1 1997
1 2084
0 1864
1 1828
0 2034
1 1982
1 1828
1 1653
0 5786
1 5684
1 5529
1 5602
0 5947
1 5775
1 5707
1 5645
1 5648
0 5468
1 5570
1 5694
1 5704
0 5775
1 5694
0 3704
1 3689
//1 2986019781
1 3274
0 7000
1 7055
1 7105
1 7177
1 7130
1 7055
0 2969
1 2713
1 2355
1 2226
0 4797
1 4772
1 4922
1 4843
1 4797
1 4670
1 4519
0 6114
1 6071
0 8253
1 8629
1 5338
0 6697
1 6628
1 6602
1 6555
1 6555
1 6298
1 6148
1 6055
1 6074
1 6174
1 6377
1 6452
0 1712
1 1734
1 1851
1 1789
0 2003
1 1947
1 2060
0 1947
1 1902
1 1851
0 7789
1 7912
1 7589
1 6981
1 6581
1 7073
1 7664
1 7912
0 8774
1 14
1 38
1 8780
0 8307
1 8449
1 8633
1 8664
1 8780
1 8774
1 8649
0 914
1 1016
1 1121
1 1219
1 1202
0 1016
1 935
0 439
1 428
1 98
1 321
1 439
0 2549
1 2041
1 2019
0 436
1 509
1 594
1 548
1 488
1 433
1 360
1 293
1 223
1 9071
1 8968
1 8915
1 8851
0 8627
1 8727
1 8719
1 8694
1 8575
0 2552
1 2450
1 2772
1 3164
1 2877
1 2552
0 3184
1 3101
1 3044
1 2992
//1 6551034611
1 2772
0 3437
1 3467
1 3517
0 1174
1 1335
1 1354
1 1265
1 1246
1 1174
0 7634
1 7535
1 7487
0 7535
1 7478
0 7193
1 7233
1 7120
1 7038
1 6912
1 6858
1 6878
1 6831
0 6858
1 6741
0 6912
1 6811
0 7120
1 7216
1 7263
0 7216
1 7144
0 5983
1 6083
1 5943
0 5952
1 6083
1 6133
1 6164
1 6240
1 5884
1 6261
1 6379
1 6552
1 6614
1 6579
1 6526
0 7062
1 6972
0 5674
1 6868
1 5738
1 6445
1 6560
1 6868
0 5674
1 5866
1 5932
0 5866
1 5788
1 5853
1 5891
1 5788
0 1790
1 1408
1 1372
1 1345
1 1410
1 1456
1 1909
0 6896
1 6904
0 543
1 621
1 663
1 543
0 6216
1 5896
1 5770
1 5670
1 6216
0 8501
1 8847
1 125
0 5190
1 5053
1 4904
1 4659
1 4553
1 4294
1 4300
1 4659
0 4553
1 4517
1 4334
1 4068
0 4300
1 3756
1 3322
0 3756
1 3887
1 3774
1 3568
0 423
1 6788
1 6321
1 5902
1 5562
1 5734
1 6115
1 5902
0 3633
1 3205
1 3484
1 3633
1 3733
1 3484
0 4516
1 4539
1 4688
1 4824
1 4909
1 4931
0 4824
1 4962
1 5106
0 5055
1 4962
0 3614
1 3346
1 2802
1 2734
1 3023
;Constellations/ConstellationFigures/rukl_cf/rukl.txt
0 602
1 336
1 164
1 14
0 336
1 268
1 225
0 4272
1 4103
1 3764
0 6101
1 6019
1 6162
1 6101
1 5469
0 8967
1 8891
1 8811
1 8708
1 8672
1 8697
1 8498
1 8417
0 8498
1 8517
1 8557
1 8596
0 8538
1 8557
0 8517
1 8413
1 8231
1 8092
1 7949
0 7601
1 7556
1 7524
0 7556
1 7376
1 7235
0 7709
1 7569
1 7376
1 7234
0 6499
1 6461
1 6460
1 6509
1 6742
0 6460
1 6284
1 6228
0 6284
1 6294
0 837
1 616
1 552
1 545
0 1576
1 1550
1 1604
1 1640
1 1604
1 1707
1 2087
1 2094
5 1790
0 5199
1 5184
1 5234
1 5339
1 5428
1 5434
1 5601
1 5680
1 5504
1 5543
1 5501
1 5474
1 5476
0 1442
1 1501
1 1502
1 1651
0 1416
1 1416
1 1416
1 1541
1 1602
1 1567
0 1416
1 1147
1 1416
1 1416
0 3571
1 3460
1 3448
1 3473
0 3460
1 3248
0 4913
1 4784
0 2656
1 2490
1 2293
0 2490
1 2570
1 2579
1 2692
1 2826
0 2692
1 2645
1 2617
1 2281
0 2942
1 2844
0 7746
1 7775
1 7821
1 8074
1 8166
0 8074
1 8059
1 7935
0 7979
1 8059
1 8079
1 8203
1 8212
1 8259
1 8321
0 2325
//1 8535021261
//1 8536007941
1 3116
1 3306
1 3698
//1 8943034471
//1 8956043241
1 4198
1 4036
1 3684
1 3889
1 3698
0 541
1 402
1 263
1 167
1 20
0 4466
1 4440
1 4389
1 4620
1 4818
1 5027
1 5287
1 5439
1 5230
1 5131
1 4818
0 5131
1 5266
1 5458
0 7849
1 7956
1 8161
1 8237
1 8973
1 8693
1 8464
1 8161
0 8237
1 8693
0 803
1 910
1 895
1 812
1 648
1 753
1 803
1 778
1 680
1 538
1 401
1 333
1 187
1 73
1 333
0 538
1 508
1 584
0 3317
1 4173
1 4673
1 4233
1 3339
1 3317
0 5703
1 5462
1 5669
0 1861
1 1955
1 2039
1 2105
1 2295
0 2039
1 2119
0 4967
1 4982
1 4736
0 7151
1 7225
1 7253
1 7258
1 7241
1 7187
1 7067
1 6950
//1 7906015571
1 7020
0 5777
1 5746
1 5792
1 5848
1 5888
1 5946
1 5970
0 4622
1 4629
1 4661
1 4756
1 4785
1 4629
0 4566
1 4513
1 4404
1 4381
1 4401
1 4467
0 4404
1 4342
0 4286
1 4381
0 4729
1 4762
0 4852
1 4655
0 7327
1 7407
1 7468
1 7527
1 7795
1 7948
1 8114
0 7923
1 7795
1 7614
1 7416
0 7851
1 7857
1 7881
1 7927
1 7946
1 7905
1 7881
0 1337
1 1464
1 1921
1 2014
0 6687
1 6553
1 6535
1 6704
1 6687
1 7309
1 7581
1 7351
1 6926
1 6395
1 6131
1 5985
1 5743
1 5290
1 4786
1 4460
1 4460
0 8130
1 8177
1 8122
1 8096
1 8065
1 8130
0 1665
1 1519
1 1462
1 1297
1 1230
1 1161
1 1135
1 1083
1 983
1 873
1 817
1 817
1 817
1 817
1 817
1 817
1 817
1 817
1 817
1 1346
1 1346
1 882
1 882
1 882
1 882
1 882
1 882
1 896
1 793
1 882
1 720
1 673
1 565
1 471
0 962
1 840
1 611
0 2285
1 2215
1 2133
1 2539
1 2851
1 2889
1 2989
1 2984
1 2776
1 2649
1 2420
1 2342
1 2285
1 2472
1 2820
1 2904
1 2989
0 8352
1 8410
1 8485
1 8555
1 8635
1 8674
1 8746
0 8424
1 8555
0 5981
1 6022
1 6091
1 6167
1 6219
1 6211
1 6147
1 6094
0 6147
1 6405
0 6694
1 6483
1 6417
1 6219
0 6417
1 6323
1 6211
0 6323
1 6409
1 6525
1 6622
1 6702
0 1325
1 809
1 777
1 801
1 933
1 908
0 5525
1 5286
1 3296
1 5019
1 4957
1 4551
1 4449
1 3296
1 3296
1 4231
1 4093
1 3993
1 3902
1 3902
1 3747
1 3844
1 3664
1 3546
1 3491
1 3453
1 3417
1 3409
1 3481
1 3546
0 590
1 97
1 1207
1 590
0 7868
1 8139
1 8367
0 8139
1 7985
0 8537
1 8584
1 8540
1 8571
1 8522
1 8578
1 8497
1 8497
0 3872
1 3904
1 4030
1 4056
1 3974
1 3981
1 4358
1 4533
1 4356
1 4056
0 3799
1 3973
1 4099
1 3763
0 1704
1 1701
1 1755
0 2084
1 1997
1 1864
1 1701
1 1653
1 1828
1 1982
1 2034
0 5786
1 5684
1 5529
1 5602
0 5468
1 5570
1 5694
1 5704
1 5882
1 5947
1 5775
1 5707
1 5645
1 5648
1 5468
0 3704
1 3689
1 2214
1 2214
1 3274
1 2817
1 2559
1 2237
0 7000
1 7055
1 7105
0 7055
1 7130
1 7177
0 2260
1 1952
1 1628
1 1676
0 7964
1 8038
1 8134
1 8150
1 7942
1 7964
0 3187
1 2969
1 2713
1 2355
1 2226
0 2713
1 2106
0 4797
1 4843
1 4922
1 4772
1 4797
1 4670
1 4529
0 5979
1 6114
1 6071
1 6057
1 5961
1 5979
0 9083
1 8629
1 5338
1 8253
1 8480
1 8629
0 6452
1 6377
1 6174
1 6146
0 6174
1 6074
1 6148
1 6055
0 6148
1 6497
1 6377
0 6497
1 6602
1 6555
1 6298
0 6555
1 6280
0 6697
1 6628
1 6602
0 6628
1 6713
0 2060
1 1947
1 2003
1 1712
1 1851
1 1789
1 1875
1 1875
1 2060
0 7789
1 7912
1 7880
1 7589
1 6981
1 6581
1 6854
1 7073
1 7664
1 7912
1 8180
0 8633
1 8307
1 8449
1 8633
1 8664
1 8780
1 38
5 14
5 8774
1 8780
0 8314
1 8429
1 8666
1 8683
1 8774
1 8649
1 8448
0 1130
1 1202
1 1227
1 1219
1 1134
1 1121
1 1016
1 914
1 833
0 1016
1 935
1 920
0 321
1 428
1 439
1 337
1 321
1 99
1 24
0 2549
1 2041
1 2019
0 351
1 382
1 359
1 350
1 436
1 509
1 594
1 488
1 433
1 293
1 223
1 9071
1 8968
1 8915
1 8877
1 8851
1 8910
1 8983
1 8968
0 8851
1 8772
0 8727
1 8627
1 8304
1 8430
1 8575
1 8694
1 8719
1 8727
0 3184
1 3044
1 3164
1 2877
1 2772
1 3164
0 2877
1 2992
1 2552
1 2450
1 2992
0 3437
1 3467
1 3517
0 1174
1 1335
1 1354
1 1265
1 1246
1 1263
1 1174
0 7634
1 7535
1 7487
0 7535
1 7478
0 7336
1 7347
1 7193
1 7233
1 7291
1 7361
1 7439
1 7596
0 7233
1 7120
1 7216
1 7263
1 7303
1 7339
1 7341
0 7120
1 7038
1 6912
1 6811
0 6912
1 6858
1 6878
1 6831
0 6858
1 6741
0 6030
1 5976
1 5983
1 5952
1 5943
1 5927
0 5952
1 6083
1 6133
1 6164
1 6240
1 6246
1 6261
1 6379
1 6552
1 6614
1 5884
1 6579
1 6526
0 279
1 9015
1 8862
1 8936
0 6972
1 7062
//1 6281020051
1 6929
1 6972
0 5674
1 6868
1 6445
1 6560
5 6868
0 5788
5 5880
1 5891
1 5853
1 5788
1 5866
1 5878
1 5932
0 5898
1 5878
1 5841
0 4118
1 3908
1 3980
0 1790
1 1408
1 1456
1 1909
0 1456
1 1345
1 1238
1 1037
0 1345
1 1372
1 1408
1 1282
1 1255
1 1060
0 6782
1 6896
1 6904
1 7133
1 7672
1 7423
1 6896
0 543
1 621
1 663
1 543
0 6216
1 5896
1 5670
1 6216
0 8501
1 8539
1 9075
1 76
1 125
1 8847
1 8501
0 5190
1 5053
1 4904
1 4659
1 4553
1 4294
1 4300
1 4659
0 4553
1 4517
1 4334
1 3774
1 3893
1 3887
1 3756
1 3322
1 3608
1 3770
1 4300
0 4032
1 4334
1 4068
0 3568
1 3774
1 3593
0 423
1 6788
1 6321
1 5902
1 5562
1 5734
1 6115
1 5902
//0 8201033371
1 4215
1 3939
1 3733
1 3633
1 3785
//1 7716037041
0 3733
1 3484
1 3205
1 3633
0 5055
1 4962
1 4824
1 4688
1 4539
0 4824
1 4909
1 4931
0 4909
1 5106
0 3614
1 3346
1 3222
1 3023
1 2734
1 2802
1 3346
0 7305
1 7404
1 7591
1 7652
1 7743
;Constellations/ConstellationFigures/Skywatch8/Skywatch.txt
0 14
1 164
1 336
1 602
0 14
1 153
1 268
1 389
1 463
0 4272
1 4103
1 3870
1 3764
0 6162
1 6101
1 6019
1 5469
0 8811
1 8708
1 8672
1 8697
1 8833
1 8557
1 8517
1 8413
1 8231
1 7989
1 7949
0 8413
1 8498
1 8417
0 7175
1 7234
1 7524
1 7556
1 7601
1 7709
1 7569
1 7376
1 7234
0 7376
1 7235
1 7192
0 6499
1 6461
1 6460
1 6509
1 6294
1 6284
1 6228
0 6284
1 6461
0 837
1 616
1 552
1 545
0 2087
1 2094
5 2087
5 1576
1 1640
1 1640
1 1707
1 2087
0 5434
1 5601
1 5680
1 5504
1 5339
1 5476
0 5234
1 5339
1 5428
1 5434
0 1501
1 1502
0 1567
1 1602
1 1541
1 1147
//1 3715012481
0 3571
1 3460
1 3448
1 3473
0 3460
1 3248
0 4913
1 4784
0 2293
1 2490
1 2579
1 2692
1 2645
1 2617
0 2692
1 2826
0 2942
1 2844
0 7746
1 7775
1 7935
1 7979
1 8079
1 8203
1 8259
1 8321
1 8277
1 8166
1 8074
1 7775
0 2325
//1 8535021261
//1 8536007941
1 3116
1 3306
1 3698
//1 8943034471
//1 8956043241
1 4198
1 4036
1 3684
1 3889
0 541
1 402
1 263
1 167
1 20
0 5027
1 5167
1 5189
0 5287
1 5189
0 5575
1 5439
1 5189
1 5192
1 5230
1 5131
1 4818
1 4742
1 4620
1 4637
1 4389
//1 8973029231
1 4466
0 5266
1 5131
1 5458
0 7849
1 7956
1 8161
1 8237
1 8973
1 8693
1 8464
1 8161
0 8464
1 8493
1 8570
0 803
1 910
1 895
1 812
1 648
1 753
1 803
1 778
1 680
1 538
1 401
1 333
1 73
1 187
1 508
1 538
0 3317
1 4173
1 4673
1 4233
1 3339
1 3317
0 5703
1 5462
1 5669
0 1861
1 1955
1 2039
1 2105
1 2255
1 2295
0 2039
1 2119
0 4967
1 4982
1 4736
0 7151
1 7225
1 7253
1 7258
1 7241
1 7187
0 5777
1 5746
1 5792
1 5848
1 5888
1 5946
1 5970
0 4622
1 4629
1 4661
1 4756
1 4785
1 4629
0 4566
1 4513
1 4404
1 4381
1 4401
1 4467
0 4404
1 4342
1 4286
1 4381
0 4729
1 4762
0 4852
1 4655
0 7327
1 7407
1 7468
1 7527
1 7795
1 7948
1 8114
0 7923
1 7795
1 7614
1 7416
0 7851
1 7881
1 7927
1 7946
1 7905
1 7881
0 1337
1 1464
1 1673
1 1921
1 2014
0 1921
//1 8896015351
0 6553
1 6535
1 6704
1 6687
1 6553
0 6687
1 7309
1 7581
1 6926
1 6395
1 6131
1 5985
1 5743
1 5290
1 4786
1 4433
0 8122
1 8177
1 8130
1 8096
0 1678
1 1665
1 1559
1 1519
1 1462
1 1297
1 1230
1 1161
1 1135
1 1083
1 873
1 817
1 817
1 817
1 817
1 817
1 817
1 817
1 1346
1 1346
1 1392
1 882
1 882
1 882
1 882
1 896
1 793
1 882
1 720
1 673
1 565
1 471
0 962
1 840
1 611
0 2215
1 2285
1 2472
1 2696
1 2851
1 2889
1 2972
1 2989
1 2984
1 2776
1 2649
1 2420
1 2342
1 2285
0 2420
1 2477
0 2776
1 2762
0 8352
1 8410
1 8485
1 8555
1 8635
1 8674
1 8746
0 8424
1 8635
1 8819
1 8786
0 5913
1 6022
1 6091
1 6167
1 6219
1 6211
1 6147
1 6094
0 6147
1 6405
0 6587
1 6694
1 6483
1 6417
1 6219
0 6417
1 6323
1 6211
0 6323
1 6409
1 6525
1 6622
1 6702
1 6778
0 1325
1 809
1 777
1 801
1 933
1 908
0 5286
1 5019
1 4551
1 4449
1 4231
1 4093
1 3993
1 3902
1 3902
1 3747
1 3844
1 3664
1 3546
1 3453
1 3417
1 3409
1 3481
1 3546
0 1207
1 97
1 590
1 1207
0 7868
1 8139
1 8367
0 8139
1 7985
0 8497
//1 3203024021
1 8578
1 8522
1 8571
1 8540
1 8584
1 8537
0 3872
1 3904
1 4030
1 4056
1 3974
1 3981
1 4358
1 4533
1 4356
1 4056
0 4246
1 4099
1 3973
0 1701
1 1864
1 1997
//1 5359017771
1 2084
0 1864
1 1828
0 2034
1 1982
1 1828
//1 5927015811
1 1653
0 5940
1 5907
1 5847
1 5786
1 5684
1 5529
1 5602
1 5793
1 5811
0 5602
1 5684
0 5986
1 5947
1 5775
1 5707
1 5645
1 5648
1 5468
1 5570
1 5694
1 5704
1 5882
0 5775
1 5694
0 3704
1 3689
//1 2986019781
1 3274
1 2817
1 2559
1 2237
0 7050
1 7000
1 7055
1 7105
1 7177
1 7130
1 7055
0 2260
1 1952
1 1628
1 1676
0 8150
1 8134
1 8038
1 7964
0 3187
1 2969
1 2713
1 2355
1 2226
0 2713
1 2505
1 2106
1 2384
0 4922
1 4797
1 4772
0 4843
1 4797
1 4670
1 4529
0 6114
1 6057
1 6071
1 5961
0 5338
1 8253
1 8480
1 8629
1 5338
0 6491
1 6452
1 6485
1 6444
1 6377
1 6174
1 6074
1 6055
1 6298
1 6555
1 6602
1 6377
0 6602
1 6628
1 6713
1 6751
0 6628
1 6697
0 2046
1 2158
1 2198
1 2192
0 2198
1 2123
1 2060
1 1947
1 2003
1 1712
1 1851
1 1789
1 1878
1 2060
0 1789
1 1542
1 1542
1 1542
1 1542
0 1542
1 1542
1 1542
0 7789
1 7912
1 7880
1 7589
1 6981
1 6581
1 6744
1 6854
1 7073
1 7664
1 7912
1 8180
0 8307
1 8449
1 8633
1 8664
1 8780
1 38
5 14
5 8774
1 8780
0 8314
1 8429
1 8649
1 8774
1 8683
1 8666
1 8312
1 8172
0 1016
1 914
1 833
1 495
0 1016
1 940
1 935
1 920
1 854
1 839
0 1016
1 1121
1 1219
1 1227
1 1202
1 1130
0 439
1 428
1 369
1 321
1 98
1 24
1 190
1 321
0 2549
1 2041
1 2019
0 351
1 382
1 359
1 436
1 509
1 594
1 488
1 433
1 293
1 223
1 9071
1 8968
1 8915
1 8851
1 8910
1 8983
1 8968
0 8727
1 8627
1 8477
1 8325
1 8304
1 8430
1 8575
1 8694
1 8719
1 8727
0 3044
1 2992
//1 6551034611
//1 7105035161
1 2772
1 2450
1 2552
1 0
1 2877
1 3164
1 3184
1 3044
0 3437
1 3467
1 3517
0 1174
1 1335
1 1354
1 1265
1 1246
1 1174
0 7678
1 7634
1 7535
1 7487
0 7535
1 7478
0 7342
1 7580
1 7347
0 7580
1 7622
1 7623
1 7649
1 7603
1 7439
1 7291
1 7233
1 7193
1 7038
1 7120
1 7233
0 7120
1 7216
1 7263
1 7469
1 7339
0 7216
0 7038
1 6912
1 6811
0 6912
1 6858
1 6878
1 6831
0 6858
1 6741
1 6615
0 6615
1 6878
1 6615
0 6615
1 6615
//0 6209015372
1 5983
1 5952
1 5943
1 5927
0 5952
1 6083
1 6133
1 6164
1 6240
1 6246
1 6261
1 6379
1 6552
1 6614
1 6579
1 6526
0 6614
0 5884
0 5884
1 5884
0 279
1 83
1 9015
1 8862
1 8936
0 7062
1 6972
1 6929
0 6972
1 6883
0 5674
1 6868
1 6580
1 6560
1 6445
0 5674
1 5887
1 5891
1 5853
1 5788
1 5866
1 5932
1 5878
1 5866
0 4118
1 3980
1 3908
0 1790
1 1496
1 1408
1 1060
1 1372
1 1345
1 1410
1 1456
1 1909
0 1345
1 1238
1 1037
1 1029
0 6782
1 6896
1 6904
0 543
1 598
1 621
1 663
1 543
0 6216
1 5896
1 5770
1 5670
1 6216
0 8539
1 8501
1 8847
1 9075
1 76
1 125
1 8847
0 5190
1 5053
1 4904
1 4659
1 4553
1 4294
1 4300
1 4659
0 4553
1 4517
1 4376
1 3353
0 4517
1 4334
1 4068
1 4032
0 4300
1 3756
1 3322
1 3887
1 4294
0 3887
1 3774
1 3568
1 3593
0 423
1 6788
1 6321
1 5902
1 5562
1 5734
1 6115
1 5902
0 4215
//1 8201033371
//1 7716037041
1 3785
1 3633
//1 7683022331
//1 7670008661
1 3205
1 3484
1 3733
1 3939
1 4215
0 3484
//5 8595033121
0 3733
//5 8579026921
0 4539
1 4688
1 4824
1 4909
1 4931
0 4909
1 5106
1 5055
1 4962
1 4824
0 5106
1 5263
1 5510
0 5055
1 5314
1 5337
1 5486
0 3614
1 3346
1 3222
1 2802
1 2734
1 3023
1 3222
0 7591
1 7404
1 7305
;Constellations/ConstellationFigures/hareyv8/harconst.txt
0 0
0 0
0 0
0 0
0 0
0 0
0 0
0 0
0 0
0 0
0 0
0 0
0 0
0 0
0 0
0 0
0 0
0 0
0 0
0 0
0 0
0 0
0 0
0 0
0 0
0 0
0 0
0 0
0 0
0 0
0 0
0 0
0 0
0 0
0 0
0 0
0 0
0 0
0 0
0 0
0 0
0 0
0 0
0 0
0 0
0 0
0 0
0 0
0 0
0 0
0 0
0 0
0 0
0 0
0 0
0 0
0 0
0 0
0 0
0 0
0 0
0 0
0 0
0 0
0 0
0 0
0 0
0 0
0 0
0 0
0 0
0 0
0 0
0 0
0 0
0 0
0 0
0 0
0 0
0 0
0 0
0 0
0 0
0 0
0 0
0 0
0 0
0 0
0 0
0 0
0 0
0 0
0 0
0 0
0 0
0 0
0 0
0 0
0 0
0 0
0 0
0 0
0 0
0 0
0 0
0 0
0 0
0 0
0 0
0 0
0 0
0 0
0 0
0 0
0 0
0 0
0 0
0 0
0 0
0 0
0 0
0 0
0 0
0 0
0 0
0 0
0 0
0 0
0 0
0 0
0 0
0 0
0 0
0 0
0 0
0 0
0 0
0 0
0 0
0 0
0 0
0 0
0 0
0 0
0 0
0 0
0 0
0 0
0 0
0 0
0 0
0 0
0 0
0 0
0 0
0 0
0 0
0 0
0 0
0 0
0 0
0 0
0 0
0 0
0 0
0 0
0 0
0 0
0 0
0 0
0 0
0 0
0 0
0 0
0 0
0 0
0 0
0 0
0 0
0 0
0 0
0 0
0 0
0 0
0 0
0 0
0 0
0 0
0 0
0 0
0 0
0 0
0 0
0 0
0 0
0 0
0 0
0 0
0 0
0 0
0 0
0 0
0 0
0 0
0 0
0 0
0 0
0 0
0 0
0 0
0 0
0 0
0 0
0 0
0 0
0 0
0 0
0 0
0 0
0 0
0 0
0 0
0 0
0 0
0 0
0 0
0 0
0 0
0 0
0 0
0 0
0 0
0 0
0 0
0 0
0 0
0 0
0 0
0 0
0 0
0 0
0 0
0 0
0 0
0 0
0 0
0 0
0 0
0 0
0 0
0 0
0 0
0 0
0 0
0 0
0 0
0 0
0 0
0 0
0 0
0 0
0 0
0 0
0 0
0 0
0 0
0 0
0 0
0 0
0 0
0 0
0 0
0 0
0 0
0 0
0 0
0 0
0 0
0 0
0 0
0 0
0 0
0 0
0 0
0 0
0 0
0 0
0 0
0 0
0 0
0 0
0 0
0 0
0 0
0 0
0 0
0 0
0 0
0 0
0 0
0 0
0 0
0 0
0 0
0 0
0 0
0 0
0 0
0 0
0 0
0 0
0 0
0 0
0 0
0 0
0 0
0 0
0 0
0 0
0 0
0 0
0 0
0 0
0 0
0 0
0 0
0 0
0 0
0 0
0 0
0 0
0 0
0 0
0 0
0 0
0 0
0 0
0 0
0 0
0 0
0 0
0 0
0 0
0 0
0 0
0 0
0 0
0 0
0 0
0 0
0 0
0 0
0 0
0 0
0 0
0 0
0 0
0 0
0 0
0 0
0 0
0 0
0 0
0 0
0 0
0 0
0 0
0 0
0 0
0 0
0 0
0 0
0 0
0 0
0 0
0 0
0 0
0 0
0 0
0 0
0 0
0 0
0 0
0 0
0 0
0 0
0 0
0 0
0 0
0 0
0 0
0 0
0 0
0 0
0 0
0 0
0 0
0 0
0 0
0 0
0 0
0 0
0 0
0 0
0 0
0 0
0 0
0 0
0 0
0 0
0 0
0 0
0 0
0 0
0 0
0 0
0 0
0 0
0 0
0 0
0 0
0 0
0 0
0 0
0 0
0 0
0 0
0 0
0 0
0 0
0 0
0 0
0 0
0 0
0 0
0 0
0 0
0 0
0 0
0 0
0 0
0 0
0 0
0 0
0 0
0 0
0 0
0 0
0 0
0 0
0 0
0 0
0 0
0 0
0 0
0 0
0 0
0 0
0 0
0 0
0 0
0 0
0 0
0 0
0 0
0 0
0 0
0 0
0 0
0 0
0 0
0 0
0 0
0 0
0 0
0 0
0 0
0 0
0 0
0 0
0 0
0 0
0 0
0 0
0 0
0 0
0 0
0 0
0 0
0 0
0 0
0 0
0 0
0 0
0 0
0 0
0 0
0 0
0 0
0 0
0 0
0 0
0 0
0 0
0 0
0 0
0 0
0 0
0 0
0 0
0 0
0 0
0 0
0 0
0 0
0 0
0 0
0 0
0 0
0 0
0 0
0 0
0 0
0 0
0 0
0 0
0 0
0 0
0 0
0 0
0 0
0 0
0 0
0 0
0 0
0 0
0 0
0 0
0 0
0 0
0 0
0 0
0 0
0 0
0 0
0 0
0 0
0 0
0 0
0 0
0 0
0 0
0 0
0 0
0 0
0 0
0 0
0 0
0 0
0 0
0 0
0 0
0 0
0 0
0 0
0 0
0 0
0 0
0 0
0 0
0 0
0 0
0 0
0 0
0 0
0 0
0 0
0 0
0 0
0 0
0 0
0 0
0 0
0 0
0 0
0 0
0 0
0 0
0 0
0 0
0 0
0 0
0 0
0 0
0 0
0 0
0 0
0 0
0 0
0 0
0 0
0 0
0 0
0 0
0 0
0 0
0 0
0 0
0 0
0 0
0 0
0 0
0 0
0 0
0 0
0 0
0 0
0 0
0 0
0 0
0 0
0 0
0 0
0 0
0 0
0 0
0 0
0 0
0 0
0 0
0 0
0 0
0 0
0 0
0 0
0 0
0 0
0 0
0 0
0 0
0 0
0 0
0 0
0 0
0 0
0 0
0 0
0 0
0 0
0 0
0 0
0 0
0 0
0 0
0 0
0 0
0 0
0 0
0 0
0 0
0 0
0 0
0 0
0 0
0 0
0 0
0 0
0 0
0 0
0 0
0 0
0 0
0 0
0 0
0 0
0 0
0 0
0 0
0 0
0 0
0 0
0 0
0 0
0 0
0 0
0 0
0 0
0 0
0 0
0 0
0 0
0 0
0 0
0 0
0 0
0 0
0 0
0 0
0 0
0 0
0 0
0 0
0 0
0 0
0 0
0 0
0 0
0 0
0 0
0 0
0 0
0 0
0 0
0 0
0 0
0 0
0 0
0 0
0 0
0 0
0 0
0 0
0 0
0 0
0 0
0 0
0 0
0 0
0 0
0 0
0 0
0 0
0 0
0 0
0 0
0 0
0 0
0 0
0 0
0 0
0 0
0 0
0 0
0 0
0 0
0 0
0 0
0 0
0 0
0 0
0 0
0 0
0 0
0 0
0 0
0 0
0 0
0 0
0 0
0 0
0 0
0 0
0 0
0 0
0 0
0 0
0 0
0 0
0 0
0 0
0 0
0 0
0 0
0 0
0 0
0 0
0 0
0 0
0 0
0 0
0 0
0 0
0 0
0 0
0 0
0 0
0 0
0 0
0 0
0 0
0 0
0 0
0 0
0 0
0 0
0 0
0 0
0 0
0 0
0 0
0 0
0 0
0 0
0 0
0 0
0 0
0 0
0 0
0 0
0 0
0 0
0 0
0 0
0 0
0 0
0 0
0 0
0 0
0 0
0 0
0 0
0 0
0 0
0 0
0 0
0 0
0 0
0 0
0 0
0 0
0 0
0 0
0 0
0 0
0 0
0 0
0 0
0 0
0 0
0 0
0 0
0 0
0 0
0 0
0 0
0 0
0 0
0 0
0 0
0 0
0 0
0 0
0 0
0 0
0 0
0 0
0 0
0 0
0 0
0 0
0 0
0 0
0 0
0 0
0 0
0 0
0 0
0 0
0 0
0 0
0 0
0 0
0 0
0 0
0 0
0 0
0 0
0 0
0 0
0 0
0 0
0 0
0 0
0 0
0 0
0 0
0 0
0 0
0 0
0 0
0 0
0 0
0 0
0 0
0 0
0 0
0 0
0 0
0 0
0 0
0 0
0 0
0 0
0 0
0 0
0 0
0 0
0 0
0 0
0 0
0 0
0 0
0 0
0 0
0 0
0 0
0 0
0 0
0 0
0 0
0 0
0 0
0 0
0 0
0 0
0 0
0 0
0 0
0 0
0 0
0 0
0 0
0 0
0 0
0 0
0 0
0 0
0 0
0 0
0 0
0 0
0 0
0 0
0 0
0 0
0 0
0 0
0 0
0 0
0 0
0 0
0 0
0 0
0 0
0 0
0 0
0 0
0 0
0 0
0 0
0 0
0 0
0 0
0 0
0 0
0 0
0 0
0 0
0 0
0 0
0 0
0 0
0 0
0 0
0 0
0 0
0 0
0 0
0 0
0 0
0 0
0 0
0 0
0 0
0 0
0 0
0 0
0 0
0 0
0 0
0 0
0 0
0 0
0 0
0 0
0 0
0 0
0 0
0 0
0 0
0 0
0 0
0 0
0 0
0 0
0 0
0 0
0 0
0 0
0 0
0 0
0 0
0 0
0 0
0 0
0 0
0 0
0 0
0 0
0 0
0 0
0 0
0 0
0 0
0 0
0 0
0 0
0 0
0 0
0 0
0 0
0 0
0 0
0 0
0 0
0 0
0 0
0 0
0 0
0 0
0 0
0 0
0 0
0 0
0 0
0 0
0 0
0 0
0 0
0 0
0 0
0 0
0 0
0 0
0 0
0 0
0 0
0 0
0 0
0 0
0 0
0 0
0 0
0 0
0 0
0 0
0 0
0 0
0 0
0 0
0 0
0 0
0 0
0 0
0 0
0 0
0 0
;Constellations/ConstellationFigures/dhmenzv8/DHMENZEL.TXT
0 8960
1 8975
1 8964
1 8761
0 214
1 162
1 164
1 153
1 67
1 62
1 8975
0 336
1 268
1 225
1 334
0 336
1 153
0 14
1 164
1 336
1 457
1 602
0 602
0 6162
1 6101
1 5469
0 7949
1 8092
1 8231
0 8417
1 8231
1 8413
1 8538
1 8557
1 8596
0 8557
1 8517
1 8413
1 8498
1 8697
1 8672
1 8708
1 8840
1 8697
1 8833
1 8840
1 8811
0 8840
1 8891
0 7709
1 7569
1 7376
1 7234
1 7175
0 7601
1 7556
1 7524
1 7376
1 7235
1 7192
0 6509
1 6460
1 6461
1 6499
1 6228
1 6284
1 6294
1 6509
0 837
1 616
1 552
1 545
1 616
0 2087
1 2076
1 1707
1 1604
1 1611
1 1640
1 1707
1 2087
1 2094
1 1790
1 1576
1 1640
0 5350
1 5327
1 5403
1 5350
1 5434
1 5428
1 5504
1 5339
1 5234
1 5199
1 5184
0 5339
1 5476
1 5504
1 5680
1 5732
1 5601
1 5434
0 5601
1 5680
0 1541
1 1602
1 1567
//1 3715012501
1 1541
0 3571
1 3460
1 3473
0 3460
1 3248
0 4913
1 4784
0 2595
1 2573
1 2656
1 2595
1 2490
1 2422
1 2386
0 2490
1 2579
1 2692
0 2293
1 2422
1 2579
1 2617
1 2537
0 2826
1 2748
1 2692
1 2645
1 2617
1 2281
0 2942
1 2844
0 8321
1 8277
1 8166
1 8074
1 7775
0 8166
1 8203
1 8074
1 7979
0 7935
1 7775
1 7746
0 2325
1 3684
1 4036
1 4198
//1 8957042621
//1 8628024841
//1 8627030911
//1 8613033631
//1 8943034471
1 3698
1 3306
1 3205
0 541
1 402
1 263
1 167
1 20
0 4389
1 4620
1 4742
0 4466
1 4637
1 4742
1 4818
1 5131
1 5266
0 5458
1 5131
1 5230
1 5189
1 5167
1 5027
1 5167
1 5209
0 5167
1 5191
0 5575
1 5439
1 5247
1 5189
0 4818
1 5230
1 5259
1 5247
1 5284
1 5366
1 5287
1 5189
0 8237
1 8973
1 8693
1 8237
1 8161
1 7956
1 7849
0 8161
1 8315
1 8493
1 8464
1 8570
1 8693
0 8333
1 8464
0 803
1 648
1 812
1 895
1 910
1 803
1 32
1 680
1 538
0 584
1 508
1 538
1 401
1 333
1 73
1 187
1 508
0 333
1 187
0 3317
1 4173
1 4673
0 5703
1 5462
1 5669
0 2105
1 2295
1 2255
1 2105
0 1861
1 1955
1 2039
1 2105
1 2119
1 2039
0 7225
1 7253
1 7258
1 7241
1 7187
0 5777
1 5746
1 5792
1 5848
1 5946
0 4622
1 4629
1 4661
1 4756
1 4785
1 4629
0 4774
1 4756
0 4566
1 4513
1 4404
1 4381
1 4401
1 4467
1 4566
0 4404
1 4342
0 4286
1 4381
0 4729
1 4762
0 4852
1 4655
0 7327
1 7407
//1 3576021571
1 7923
1 8027
1 8114
1 7948
1 7795
1 7527
1 7327
0 7416
1 7795
1 7923
1 8078
0 8129
1 8142
1 8027
0 7851
1 7881
1 7927
1 7946
1 7905
1 7881
0 1337
1 1464
1 1921
1 2014
//1 8896015351
1 1921
0 4433
1 4786
1 5290
1 5743
1 5985
1 6131
1 6395
1 6919
1 7309
1 6687
1 6553
1 6535
1 6704
1 6687
0 7581
1 7309
0 6926
1 6919
0 1480
1 1678
1 1665
1 1559
1 1519
1 1462
1 1297
1 1230
1 1135
1 1083
1 873
1 817
1 817
1 817
1 817
1 1346
1 1392
1 882
1 882
1 882
1 882
1 896
1 793
1 882
1 720
1 673
1 565
1 471
0 962
1 840
0 2889
1 2696
1 2472
1 2285
1 2215
1 2133
0 2472
1 2342
0 2989
1 2904
1 2776
1 2649
1 2420
0 2776
1 2762
1 2483
0 2984
1 2904
1 2820
1 2696
1 2539
0 8352
1 8410
1 8424
1 8555
1 8786
1 8819
1 8635
1 8424
0 8635
1 8674
0 8635
1 8746
0 6022
1 6091
1 6167
1 6219
1 6211
1 6147
1 6094
0 6219
1 6417
0 6147
1 6405
0 6587
1 6417
1 6323
1 6409
1 6405
0 6147
1 6525
1 6622
1 6702
1 6778
0 6694
1 6706
1 6702
1 6728
1 6786
0 5286
1 3296
1 5019
1 4551
1 4449
1 4551
1 3747
1 4231
1 4093
1 3993
1 3902
1 3747
1 3844
1 3758
1 3664
1 3546
1 3453
1 3417
1 3409
1 3481
1 3546
0 97
1 1207
1 805
1 704
1 590
0 7868
1 7985
0 8497
1 8584
0 3730
1 3772
1 3872
1 3904
1 3730
0 3904
1 4030
1 4056
1 3974
1 3981
0 3851
1 3974
1 4358
1 4356
1 4533
0 4358
1 4398
1 4385
0 4358
1 4132
0 4056
1 4299
1 4356
0 3974
1 3872
0 4246
1 4099
1 3973
1 4246
0 1704
1 1701
1 1653
1 1828
1 1864
1 1701
1 1755
0 1864
1 1997
1 2084
1 2034
1 1982
1 1828
0 5811
1 5793
1 5786
1 5529
1 5602
0 5786
1 5684
1 5529
0 5882
1 5704
1 5947
1 5986
0 5704
1 5775
1 5796
0 5704
1 5694
1 5625
1 5604
1 5645
1 5648
0 5625
1 5707
1 5682
0 5604
1 5468
1 5395
0 5468
1 5353
0 5424
1 5452
1 5468
1 5570
1 5704
0 3704
1 3689
//1 2986019781
1 3274
1 2817
1 2237
0 7000
1 7050
1 7055
1 7105
1 7177
1 7130
1 7055
1 7000
0 2969
1 3187
1 2713
1 2355
1 2226
0 2713
1 2106
1 2384
0 4922
1 4797
1 4772
0 4843
1 4797
1 4670
1 4843
0 5338
1 8253
1 8629
1 5338
0 6491
1 6452
1 6485
1 6444
1 6377
1 6174
1 6146
0 6174
1 6298
1 6280
1 6074
0 6298
1 6555
1 6602
1 6298
0 6377
1 6602
1 6628
1 6751
1 6868
0 2003
1 1947
1 2060
1 2123
1 2198
1 2046
1 2046
1 2158
1 2198
0 2060
1 1838
1 1789
1 1542
0 1838
1 1878
0 1542
1 1542
1 1542
1 1542
1 1555
0 1789
1 1851
1 1787
1 1712
0 1947
1 1902
1 1851
0 7789
1 8180
1 7912
1 7664
1 7589
1 6981
1 7106
1 7664
1 7789
0 7106
1 7073
1 6854
1 6744
1 7073
0 6581
1 6744
0 8307
1 8633
1 8664
1 8780
1 38
1 14
1 8774
1 8780
1 8666
1 8683
1 8649
1 8448
0 8666
1 8429
1 8314
1 8172
0 8312
1 8429
1 8664
0 8449
1 8633
0 1260
1 1302
1 1272
1 1121
1 1051
1 1016
1 914
1 833
1 853
1 914
0 853
1 936
1 940
1 935
1 920
1 839
0 935
1 1219
0 1130
1 1202
1 1227
1 1219
1 1134
1 1051
0 936
1 798
//1 3282022711
0 321
1 439
1 554
1 321
1 428
1 99
1 98
1 24
1 99
1 337
1 321
1 99
0 2549
1 2041
1 2019
0 351
1 382
1 359
1 351
0 359
1 436
1 509
1 594
1 293
1 223
1 9071
1 8968
1 8915
1 8851
1 8910
1 8983
1 8968
0 8727
1 8627
1 8304
1 8575
1 8694
1 8719
1 8727
0 2325
1 2450
1 2772
1 2992
1 3044
1 3184
1 3164
1 3205
0 3517
1 3467
1 3437
1 3164
0 1174
1 1335
1 1354
1 1246
1 1174
0 7634
1 7535
1 7487
0 7535
1 7478
0 7336
1 7347
1 7193
1 7038
1 7120
1 7263
1 7339
0 7580
1 7622
1 7233
1 7193
0 7347
1 7622
0 7263
1 7144
1 7120
1 7233
0 7038
1 6858
1 6741
1 6811
1 6912
1 6858
1 6878
1 6831
1 6741
0 5884
1 6526
1 5884
1 6579
1 6614
1 6552
1 6379
1 6261
1 6246
1 6240
1 6164
1 6133
1 6083
1 5927
1 5943
0 5952
1 5983
1 6025
1 6083
0 279
1 8862
1 8936
1 279
0 7062
1 6972
0 7140
1 6868
1 6697
1 6580
1 6560
1 6445
1 6074
1 6055
1 5880
1 5891
1 5853
1 5867
1 5788
1 5866
1 5932
1 5878
1 5841
1 5866
0 1790
1 1408
1 1372
1 1345
1 1456
1 1909
0 1372
1 1238
1 1065
1 1037
1 1029
1 1100
0 1037
1 1250
0 1319
1 1238
1 1472
1 1457
0 6896
1 6904
0 543
1 621
1 663
1 543
0 6216
1 5896
1 5770
1 5670
1 6216
0 8501
1 8847
1 76
0 125
1 8847
0 5190
1 5053
1 4904
1 4659
1 4553
1 4294
1 4300
1 4659
0 4553
1 4517
1 4376
1 4373
0 4517
1 4334
1 4068
1 4032
0 4300
1 3756
1 3322
1 3887
1 4294
0 3887
1 3774
1 3568
0 3774
1 3593
0 423
1 6788
1 6321
1 5902
1 5562
1 5734
1 6115
1 5902
0 3205
//1 8569040181
1 3484
1 3939
1 4215
//1 8201033371
//1 7716037041
1 3785
1 3633
1 3205
0 4607
1 4516
1 4539
1 4688
1 4824
1 4607
0 4931
1 4909
1 4824
1 4962
1 5055
1 5314
1 5337
1 5263
1 5106
1 4909
0 5106
1 5055
0 5337
1 5486
0 5263
1 5510
0 3614
1 3346
1 3222
1 3023
1 2734
1 3222
1 3614
0 3222
1 2802
;Constellations/ConstellationFigures/hareyv5/harconst.txt
0 0
0 0
0 0
0 0
0 0
0 0
0 0
0 0
0 0
0 0
0 0
0 0
0 0
0 0
0 0
0 0
0 0
0 0
0 0
0 0
0 0
0 0
0 0
0 0
0 0
0 0
0 0
0 0
0 0
0 0
0 0
0 0
0 0
0 0
0 0
0 0
0 0
0 0
0 0
0 0
0 0
0 0
0 0
0 0
0 0
0 0
0 0
0 0
0 0
0 0
0 0
0 0
0 0
0 0
0 0
0 0
0 0
0 0
0 0
0 0
0 0
0 0
0 0
0 0
0 0
0 0
0 0
0 0
0 0
0 0
0 0
0 0
0 0
0 0
0 0
0 0
0 0
0 0
0 0
0 0
0 0
0 0
0 0
0 0
0 0
0 0
0 0
0 0
0 0
0 0
0 0
0 0
0 0
0 0
0 0
0 0
0 0
0 0
0 0
0 0
0 0
0 0
0 0
0 0
0 0
0 0
0 0
0 0
0 0
0 0
0 0
0 0
0 0
0 0
0 0
0 0
0 0
0 0
0 0
0 0
0 0
0 0
0 0
0 0
0 0
0 0
0 0
0 0
0 0
0 0
0 0
0 0
0 0
0 0
0 0
0 0
0 0
0 0
0 0
0 0
0 0
0 0
0 0
0 0
0 0
0 0
0 0
0 0
0 0
0 0
0 0
0 0
0 0
0 0
0 0
0 0
0 0
0 0
0 0
0 0
0 0
0 0
0 0
0 0
0 0
0 0
0 0
0 0
0 0
0 0
0 0
0 0
0 0
0 0
0 0
0 0
0 0
0 0
0 0
0 0
0 0
0 0
0 0
0 0
0 0
0 0
0 0
0 0
0 0
0 0
0 0
0 0
0 0
0 0
0 0
0 0
0 0
0 0
0 0
0 0
0 0
0 0
0 0
0 0
0 0
0 0
0 0
0 0
0 0
0 0
0 0
0 0
0 0
0 0
0 0
0 0
0 0
0 0
0 0
0 0
0 0
0 0
0 0
0 0
0 0
0 0
0 0
0 0
0 0
0 0
0 0
0 0
0 0
0 0
0 0
0 0
0 0
0 0
0 0
0 0
0 0
0 0
0 0
0 0
0 0
0 0
0 0
0 0
0 0
0 0
0 0
0 0
0 0
0 0
0 0
0 0
0 0
0 0
0 0
0 0
0 0
0 0
0 0
0 0
0 0
0 0
0 0
0 0
0 0
0 0
0 0
0 0
0 0
0 0
0 0
0 0
0 0
0 0
0 0
0 0
0 0
0 0
0 0
0 0
0 0
0 0
0 0
0 0
0 0
0 0
0 0
0 0
0 0
0 0
0 0
0 0
0 0
0 0
0 0
0 0
0 0
0 0
0 0
0 0
0 0
0 0
0 0
0 0
0 0
0 0
0 0
0 0
0 0
0 0
0 0
0 0
0 0
0 0
0 0
0 0
0 0
0 0
0 0
0 0
0 0
0 0
0 0
0 0
0 0
0 0
0 0
0 0
0 0
0 0
0 0
0 0
0 0
0 0
0 0
0 0
0 0
0 0
0 0
0 0
0 0
0 0
0 0
0 0
0 0
0 0
0 0
0 0
0 0
0 0
0 0
0 0
0 0
0 0
0 0
0 0
0 0
0 0
0 0
0 0
0 0
0 0
0 0
0 0
0 0
0 0
0 0
0 0
0 0
0 0
0 0
0 0
0 0
0 0
0 0
0 0
0 0
0 0
0 0
0 0
0 0
0 0
0 0
0 0
0 0
0 0
0 0
0 0
0 0
0 0
0 0
0 0
0 0
0 0
0 0
0 0
0 0
0 0
0 0
0 0
0 0
0 0
0 0
0 0
0 0
0 0
0 0
0 0
0 0
0 0
0 0
0 0
0 0
0 0
0 0
0 0
0 0
0 0
0 0
0 0
0 0
0 0
0 0
0 0
0 0
0 0
0 0
0 0
0 0
0 0
0 0
0 0
0 0
0 0
0 0
0 0
0 0
0 0
0 0
0 0
0 0
0 0
0 0
0 0
0 0
0 0
0 0
0 0
0 0
0 0
0 0
0 0
0 0
0 0
0 0
0 0
0 0
0 0
0 0
0 0
0 0
0 0
0 0
0 0
0 0
0 0
0 0
0 0
0 0
0 0
0 0
0 0
0 0
0 0
0 0
0 0
0 0
0 0
0 0
0 0
0 0
0 0
0 0
0 0
0 0
0 0
0 0
0 0
0 0
0 0
0 0
0 0
0 0
0 0
0 0
0 0
0 0
0 0
0 0
0 0
0 0
0 0
0 0
0 0
0 0
0 0
0 0
0 0
0 0
0 0
0 0
0 0
0 0
0 0
0 0
0 0
0 0
0 0
0 0
0 0
0 0
0 0
0 0
0 0
0 0
0 0
0 0
0 0
0 0
0 0
0 0
0 0
0 0
0 0
0 0
0 0
0 0
0 0
0 0
0 0
0 0
0 0
0 0
0 0
0 0
0 0
0 0
0 0
0 0
0 0
0 0
0 0
0 0
0 0
0 0
0 0
0 0
0 0
0 0
0 0
0 0
0 0
0 0
0 0
0 0
0 0
0 0
0 0
0 0
0 0
0 0
0 0
0 0
0 0
0 0
0 0
0 0
0 0
0 0
0 0
0 0
0 0
0 0
0 0
0 0
0 0
0 0
0 0
0 0
0 0
0 0
0 0
0 0
0 0
0 0
0 0
0 0
0 0
0 0
0 0
0 0
0 0
0 0
0 0
0 0
0 0
0 0
0 0
0 0
0 0
0 0
0 0
0 0
0 0
0 0
0 0
0 0
0 0
0 0
0 0
0 0
0 0
0 0
0 0
0 0
0 0
0 0
0 0
0 0
0 0
0 0
0 0
0 0
0 0
0 0
0 0
0 0
0 0
0 0
0 0
0 0
0 0
0 0
0 0
0 0
0 0
0 0
0 0
0 0
0 0
0 0
0 0
0 0
0 0
0 0
0 0
0 0
0 0
0 0
0 0
0 0
0 0
0 0
0 0
0 0
0 0
0 0
0 0
0 0
0 0
0 0
0 0
0 0
0 0
0 0
0 0
0 0
0 0
0 0
0 0
0 0
0 0
0 0
0 0
0 0
0 0
0 0
0 0
0 0
0 0
0 0
0 0
0 0
0 0
0 0
0 0
0 0
0 0
0 0
0 0
0 0
0 0
0 0
0 0
0 0
0 0
0 0
0 0
0 0
0 0
0 0
0 0
0 0
0 0
0 0
0 0
0 0
0 0
0 0
0 0
0 0
0 0
0 0
0 0
0 0
0 0
0 0
0 0
0 0
0 0
0 0
0 0
0 0
0 0
0 0
0 0
0 0
0 0
0 0
0 0
0 0
0 0
0 0
0 0
0 0
0 0
0 0
0 0
0 0
0 0
0 0
0 0
0 0
0 0
0 0
0 0
0 0
0 0
0 0
0 0
0 0
0 0
0 0
0 0
0 0
0 0
0 0
0 0
0 0
0 0
0 0
0 0
0 0
0 0
0 0
0 0
0 0
0 0
0 0
0 0
0 0
0 0
0 0
0 0
0 0
0 0
0 0
0 0
0 0
0 0
0 0
0 0
0 0
0 0
0 0
0 0
0 0
0 0
0 0
0 0
0 0
0 0
0 0
0 0
0 0
0 0
0 0
0 0
0 0
0 0
0 0
0 0
0 0
0 0
0 0
0 0
0 0
0 0
0 0
0 0
0 0
0 0
0 0
0 0
0 0
0 0
0 0
0 0
0 0
0 0
0 0
0 0
0 0
0 0
0 0
0 0
0 0
0 0
0 0
0 0
0 0
0 0
0 0
0 0
0 0
0 0
0 0
0 0
0 0
0 0
0 0
0 0
0 0
0 0
0 0
0 0
0 0
0 0
0 0
0 0
0 0
0 0
0 0
0 0
0 0
0 0
0 0
0 0
0 0
0 0
0 0
0 0
0 0
0 0
0 0
0 0
0 0
0 0
0 0
0 0
0 0
0 0
0 0
0 0
0 0
0 0
0 0
0 0
0 0
0 0
0 0
0 0
0 0
0 0
0 0
0 0
0 0
0 0
0 0
0 0
0 0
0 0
0 0
0 0
0 0
0 0
0 0
0 0
0 0
0 0
0 0
0 0
0 0
0 0
0 0
0 0
0 0
0 0
0 0
0 0
0 0
0 0
0 0
0 0
0 0
0 0
0 0
0 0
0 0
0 0
0 0
0 0
0 0
0 0
0 0
0 0
0 0
0 0
0 0
0 0
0 0
0 0
0 0
0 0
0 0
0 0
0 0
0 0
0 0
0 0
0 0
0 0
0 0
0 0
0 0
0 0
0 0
0 0
0 0
0 0
0 0
0 0
0 0
0 0
0 0
0 0
0 0
0 0
0 0
0 0
0 0
0 0
0 0
0 0
0 0
0 0
0 0
0 0
0 0
0 0
0 0
0 0
0 0
0 0
0 0
0 0
0 0
0 0
0 0
0 0
0 0
0 0
0 0
0 0
0 0
0 0
0 0
0 0
0 0
0 0
0 0
0 0
0 0
0 0
0 0
0 0
0 0
0 0
0 0
0 0
0 0
0 0
0 0
0 0
0 0
0 0
0 0
0 0
0 0
0 0
0 0
0 0
0 0
0 0
0 0
0 0
0 0
0 0
0 0
0 0
0 0
0 0
0 0
0 0
0 0
0 0
0 0
0 0
0 0
0 0
0 0
0 0
0 0
0 0
0 0
0 0
0 0
0 0
0 0
0 0
0 0
0 0
0 0
0 0
0 0
0 0
0 0
0 0
0 0
0 0
0 0
0 0
0 0
0 0
0 0
0 0
0 0
0 0
0 0
0 0
0 0
0 0
0 0
0 0
;Constellations/ConstellationFigures/dhmenzv5/DHMENZEL.TXT
0 8960
1 8975
1 8964
1 8761
0 214
1 162
1 164
1 153
1 67
1 62
1 8975
0 336
1 268
1 225
1 334
0 336
1 153
0 14
1 164
1 336
1 457
1 602
0 602
0 6162
1 6101
1 5469
0 7949
1 8092
1 8231
0 8417
1 8231
1 8413
1 8538
1 8557
1 8596
0 8557
1 8517
1 8413
1 8498
1 8697
1 8672
1 8708
1 8840
1 8697
1 8833
1 8840
1 8811
0 8840
1 8891
0 7709
1 7569
1 7376
1 7234
1 7175
0 7601
1 7556
1 7524
1 7376
1 7235
1 7192
0 6509
1 6460
1 6461
1 6499
1 6228
1 6284
1 6294
1 6509
0 837
1 616
1 552
1 545
1 616
0 2087
1 2076
1 1707
1 1604
1 1611
1 1640
1 1707
1 2087
1 2094
1 1790
1 1576
1 1640
0 5350
1 5327
1 5403
1 5350
1 5434
1 5428
1 5504
1 5339
1 5234
1 5199
1 5184
0 5339
1 5476
1 5504
1 5680
1 5732
1 5601
1 5434
0 5601
1 5680
0 1541
1 1602
1 1567
//1 3715012501
1 1541
0 3571
1 3460
1 3473
0 3460
1 3248
0 4913
1 4784
0 2595
1 2573
1 2656
1 2595
1 2490
1 2422
1 2386
0 2490
1 2579
1 2692
0 2293
1 2422
1 2579
1 2617
1 2537
0 2826
1 2748
1 2692
1 2645
1 2617
1 2281
0 2942
1 2844
0 8321
1 8277
1 8166
1 8074
1 7775
0 8166
1 8203
1 8074
1 7979
0 7935
1 7775
1 7746
0 2325
1 3684
1 4036
1 4198
//1 8957042621
//1 8628024841
//1 8627030911
//1 8613033631
//1 8943034471
1 3698
1 3306
1 3205
0 541
1 402
1 263
1 167
1 20
0 4389
1 4620
1 4742
0 4466
1 4637
1 4742
1 4818
1 5131
1 5266
0 5458
1 5131
1 5230
1 5189
1 5167
1 5027
1 5167
1 5209
0 5167
1 5191
0 5575
1 5439
1 5247
1 5189
0 4818
1 5230
1 5259
1 5247
1 5284
1 5366
1 5287
1 5189
0 8237
1 8973
1 8693
1 8237
1 8161
1 7956
1 7849
0 8161
1 8315
1 8493
1 8464
1 8570
1 8693
0 8333
1 8464
0 803
1 648
1 812
1 895
1 910
1 803
1 32
1 680
1 538
0 584
1 508
1 538
1 401
1 333
1 73
1 187
1 508
0 333
1 187
0 3317
1 4173
1 4673
0 5703
1 5462
1 5669
0 2105
1 2295
1 2255
1 2105
0 1861
1 1955
1 2039
1 2105
1 2119
1 2039
0 7225
1 7253
1 7258
1 7241
1 7187
0 5777
1 5746
1 5792
1 5848
1 5946
0 4622
1 4629
1 4661
1 4756
1 4785
1 4629
0 4774
1 4756
0 4566
1 4513
1 4404
1 4381
1 4401
1 4467
1 4566
0 4404
1 4342
0 4286
1 4381
0 4729
1 4762
0 4852
1 4655
0 7327
1 7407
//1 3576021571
1 7923
1 8027
1 8114
1 7948
1 7795
1 7527
1 7327
0 7416
1 7795
1 7923
1 8078
0 8129
1 8142
1 8027
0 7851
1 7881
1 7927
1 7946
1 7905
1 7881
0 1337
1 1464
1 1921
1 2014
//1 8896015351
1 1921
0 4433
1 4786
1 5290
1 5743
1 5985
1 6131
1 6395
1 6919
1 7309
1 6687
1 6553
1 6535
1 6704
1 6687
0 7581
1 7309
0 6926
1 6919
0 1480
1 1678
1 1665
1 1559
1 1519
1 1462
1 1297
1 1230
1 1135
1 1083
1 873
1 817
1 817
1 817
1 817
1 1346
1 1392
1 882
1 882
1 882
1 882
1 896
1 793
1 882
1 720
1 673
1 565
1 471
0 962
1 840
0 2889
1 2696
1 2472
1 2285
1 2215
1 2133
0 2472
1 2342
0 2989
1 2904
1 2776
1 2649
1 2420
0 2776
1 2762
1 2483
0 2984
1 2904
1 2820
1 2696
1 2539
0 8352
1 8410
1 8424
1 8555
1 8786
1 8819
1 8635
1 8424
0 8635
1 8674
0 8635
1 8746
0 6022
1 6091
1 6167
1 6219
1 6211
1 6147
1 6094
0 6219
1 6417
0 6147
1 6405
0 6587
1 6417
1 6323
1 6409
1 6405
0 6147
1 6525
1 6622
1 6702
1 6778
0 6694
1 6706
1 6702
1 6728
1 6786
0 5286
1 3296
1 5019
1 4551
1 4449
1 4551
1 3747
1 4231
1 4093
1 3993
1 3902
1 3747
1 3844
1 3758
1 3664
1 3546
1 3453
1 3417
1 3409
1 3481
1 3546
0 97
1 1207
1 805
1 704
1 590
0 7868
1 7985
0 8497
1 8584
0 3730
1 3772
1 3872
1 3904
1 3730
0 3904
1 4030
1 4056
1 3974
1 3981
0 3851
1 3974
1 4358
1 4356
1 4533
0 4358
1 4398
1 4385
0 4358
1 4132
0 4056
1 4299
1 4356
0 3974
1 3872
0 4246
1 4099
1 3973
1 4246
0 1704
1 1701
1 1653
1 1828
1 1864
1 1701
1 1755
0 1864
1 1997
1 2084
1 2034
1 1982
1 1828
0 5811
1 5793
1 5786
1 5529
1 5602
0 5786
1 5684
1 5529
0 5882
1 5704
1 5947
1 5986
0 5704
1 5775
1 5796
0 5704
1 5694
1 5625
1 5604
1 5645
1 5648
0 5625
1 5707
1 5682
0 5604
1 5468
1 5395
0 5468
1 5353
0 5424
1 5452
1 5468
1 5570
1 5704
0 3704
1 3689
//1 2986019781
1 3274
1 2817
1 2237
0 7000
1 7050
1 7055
1 7105
1 7177
1 7130
1 7055
1 7000
0 2969
1 3187
1 2713
1 2355
1 2226
0 2713
1 2106
1 2384
0 4922
1 4797
1 4772
0 4843
1 4797
1 4670
1 4843
0 5338
1 8253
1 8629
1 5338
0 6491
1 6452
1 6485
1 6444
1 6377
1 6174
1 6146
0 6174
1 6298
1 6280
1 6074
0 6298
1 6555
1 6602
1 6298
0 6377
1 6602
1 6628
1 6751
1 6868
0 2003
1 1947
1 2060
1 2123
1 2198
1 2046
1 2046
1 2158
1 2198
0 2060
1 1838
1 1789
1 1542
0 1838
1 1878
0 1542
1 1542
1 1542
1 1542
1 1555
0 1789
1 1851
1 1787
1 1712
0 1947
1 1902
1 1851
0 7789
1 8180
1 7912
1 7664
1 7589
1 6981
1 7106
1 7664
1 7789
0 7106
1 7073
1 6854
1 6744
1 7073
0 6581
1 6744
0 8307
1 8633
1 8664
1 8780
1 38
1 14
1 8774
1 8780
1 8666
1 8683
1 8649
1 8448
0 8666
1 8429
1 8314
1 8172
0 8312
1 8429
1 8664
0 8449
1 8633
0 1260
1 1302
1 1272
1 1121
1 1051
1 1016
1 914
1 833
1 853
1 914
0 853
1 936
1 940
1 935
1 920
1 839
0 935
1 1219
0 1130
1 1202
1 1227
1 1219
1 1134
1 1051
0 936
1 798
//1 3282022711
0 321
1 439
1 554
1 321
1 428
1 99
1 98
1 24
1 99
1 337
1 321
1 99
0 2549
1 2041
1 2019
0 351
1 382
1 359
1 351
0 359
1 436
1 509
1 594
1 293
1 223
1 9071
1 8968
1 8915
1 8851
1 8910
1 8983
1 8968
0 8727
1 8627
1 8304
1 8575
1 8694
1 8719
1 8727
0 2325
1 2450
1 2772
1 2992
1 3044
1 3184
1 3164
1 3205
0 3517
1 3467
1 3437
1 3164
0 1174
1 1335
1 1354
1 1246
1 1174
0 7634
1 7535
1 7487
0 7535
1 7478
0 7336
1 7347
1 7193
1 7038
1 7120
1 7263
1 7339
0 7580
1 7622
1 7233
1 7193
0 7347
1 7622
0 7263
1 7144
1 7120
1 7233
0 7038
1 6858
1 6741
1 6811
1 6912
1 6858
1 6878
1 6831
1 6741
0 5884
1 6526
1 5884
1 6579
1 6614
1 6552
1 6379
1 6261
1 6246
1 6240
1 6164
1 6133
1 6083
1 5927
1 5943
0 5952
1 5983
1 6025
1 6083
0 279
1 8862
1 8936
1 279
0 7062
1 6972
0 7140
1 6868
1 6697
1 6580
1 6560
1 6445
1 6074
1 6055
1 5880
1 5891
1 5853
1 5867
1 5788
1 5866
1 5932
1 5878
1 5841
1 5866
0 1790
1 1408
1 1372
1 1345
1 1456
1 1909
0 1372
1 1238
1 1065
1 1037
1 1029
1 1100
0 1037
1 1250
0 1319
1 1238
1 1472
1 1457
0 6896
1 6904
0 543
1 621
1 663
1 543
0 6216
1 5896
1 5770
1 5670
1 6216
0 8501
1 8847
1 76
0 125
1 8847
0 5190
1 5053
1 4904
1 4659
1 4553
1 4294
1 4300
1 4659
0 4553
1 4517
1 4376
1 4373
0 4517
1 4334
1 4068
1 4032
0 4300
1 3756
1 3322
1 3887
1 4294
0 3887
1 3774
1 3568
0 3774
1 3593
0 423
1 6788
1 6321
1 5902
1 5562
1 5734
1 6115
1 5902
0 3205
//1 8569040181
1 3484
1 3939
1 4215
//1 8201033371
//1 7716037041
1 3785
1 3633
1 3205
0 4607
1 4516
1 4539
1 4688
1 4824
1 4607
0 4931
1 4909
1 4824
1 4962
1 5055
1 5314
1 5337
1 5263
1 5106
1 4909
0 5106
1 5055
0 5337
1 5486
0 5263
1 5510
0 3614
1 3346
1 3222
1 3023
1 2734
1 3222
1 3614
0 3222
1 2802
;Constellations/ConstellationFigures/Skywatch/Skywatch.txt
0 14
1 164
1 336
1 602
0 14
1 153
1 268
1 389
1 463
0 4272
1 4103
1 3870
1 3764
0 6162
1 6101
1 6019
1 5469
0 8811
1 8708
1 8672
1 8697
1 8833
1 8557
1 8517
1 8413
1 8231
1 7989
1 7949
0 8413
1 8498
1 8417
0 7175
1 7234
1 7524
1 7556
1 7601
1 7709
1 7569
1 7376
1 7234
0 7376
1 7235
1 7192
0 6499
1 6461
1 6460
1 6509
1 6294
1 6284
1 6228
0 6284
1 6461
0 837
1 616
1 552
1 545
0 2087
1 2094
5 2087
5 1576
1 1640
1 1640
1 1707
1 2087
0 5434
1 5601
1 5680
1 5504
1 5339
1 5476
0 5234
1 5339
1 5428
1 5434
0 1501
1 1502
0 1567
1 1602
1 1541
1 1147
//1 3715012481
0 3571
1 3460
1 3448
1 3473
0 3460
1 3248
0 4913
1 4784
0 2293
1 2490
1 2579
1 2692
1 2645
1 2617
0 2692
1 2826
0 2942
1 2844
0 7746
1 7775
1 7935
1 7979
1 8079
1 8203
1 8259
1 8321
1 8277
1 8166
1 8074
1 7775
0 2325
//1 8535021261
//1 8536007941
1 3116
1 3306
1 3698
//1 8943034471
//1 8956043241
1 4198
1 4036
1 3684
1 3889
0 541
1 402
1 263
1 167
1 20
0 5027
1 5167
1 5189
0 5287
1 5189
0 5575
1 5439
1 5189
1 5192
1 5230
1 5131
1 4818
1 4742
1 4620
1 4637
1 4389
//1 8973029231
1 4466
0 5266
1 5131
1 5458
0 7849
1 7956
1 8161
1 8237
1 8973
1 8693
1 8464
1 8161
0 8464
1 8493
1 8570
0 803
1 910
1 895
1 812
1 648
1 753
1 803
1 778
1 680
1 538
1 401
1 333
1 73
1 187
1 508
1 538
0 3317
1 4173
1 4673
1 4233
1 3339
1 3317
0 5703
1 5462
1 5669
0 1861
1 1955
1 2039
1 2105
1 2255
1 2295
0 2039
1 2119
0 4967
1 4982
1 4736
0 7151
1 7225
1 7253
1 7258
1 7241
1 7187
0 5777
1 5746
1 5792
1 5848
1 5888
1 5946
1 5970
0 4622
1 4629
1 4661
1 4756
1 4785
1 4629
0 4566
1 4513
1 4404
1 4381
1 4401
1 4467
0 4404
1 4342
1 4286
1 4381
0 4729
1 4762
0 4852
1 4655
0 7327
1 7407
1 7468
1 7527
1 7795
1 7948
1 8114
0 7923
1 7795
1 7614
1 7416
0 7851
1 7881
1 7927
1 7946
1 7905
1 7881
0 1337
1 1464
1 1673
1 1921
1 2014
0 1921
//1 8896015351
0 6553
1 6535
1 6704
1 6687
1 6553
0 6687
1 7309
1 7581
1 6926
1 6395
1 6131
1 5985
1 5743
1 5290
1 4786
1 4433
0 8122
1 8177
1 8130
1 8096
0 1678
1 1665
1 1559
1 1519
1 1462
1 1297
1 1230
1 1161
1 1135
1 1083
1 873
1 817
1 817
1 817
1 817
1 817
1 817
1 817
1 1346
1 1346
1 1392
1 882
1 882
1 882
1 882
1 896
1 793
1 882
1 720
1 673
1 565
1 471
0 962
1 840
1 611
0 2215
1 2285
1 2472
1 2696
1 2851
1 2889
1 2972
1 2989
1 2984
1 2776
1 2649
1 2420
1 2342
1 2285
0 2420
1 2477
0 2776
1 2762
0 8352
1 8410
1 8485
1 8555
1 8635
1 8674
1 8746
0 8424
1 8635
1 8819
1 8786
0 5913
1 6022
1 6091
1 6167
1 6219
1 6211
1 6147
1 6094
0 6147
1 6405
0 6587
1 6694
1 6483
1 6417
1 6219
0 6417
1 6323
1 6211
0 6323
1 6409
1 6525
1 6622
1 6702
1 6778
0 1325
1 809
1 777
1 801
1 933
1 908
0 5286
1 5019
1 4551
1 4449
1 4231
1 4093
1 3993
1 3902
1 3902
1 3747
1 3844
1 3664
1 3546
1 3453
1 3417
1 3409
1 3481
1 3546
0 1207
1 97
1 590
1 1207
0 7868
1 8139
1 8367
0 8139
1 7985
0 8497
//1 3203024021
1 8578
1 8522
1 8571
1 8540
1 8584
1 8537
0 3872
1 3904
1 4030
1 4056
1 3974
1 3981
1 4358
1 4533
1 4356
1 4056
0 4246
1 4099
1 3973
0 1701
1 1864
1 1997
//1 5359017771
1 2084
0 1864
1 1828
0 2034
1 1982
1 1828
//1 5927015811
1 1653
0 5940
1 5907
1 5847
1 5786
1 5684
1 5529
1 5602
1 5793
1 5811
0 5602
1 5684
0 5986
1 5947
1 5775
1 5707
1 5645
1 5648
1 5468
1 5570
1 5694
1 5704
1 5882
0 5775
1 5694
0 3704
1 3689
//1 2986019781
1 3274
1 2817
1 2559
1 2237
0 7050
1 7000
1 7055
1 7105
1 7177
1 7130
1 7055
0 2260
1 1952
1 1628
1 1676
0 8150
1 8134
1 8038
1 7964
0 3187
1 2969
1 2713
1 2355
1 2226
0 2713
1 2505
1 2106
1 2384
0 4922
1 4797
1 4772
0 4843
1 4797
1 4670
1 4529
0 6114
1 6057
1 6071
1 5961
0 5338
1 8253
1 8480
1 8629
1 5338
0 6491
1 6452
1 6485
1 6444
1 6377
1 6174
1 6074
1 6055
1 6298
1 6555
1 6602
1 6377
0 6602
1 6628
1 6713
1 6751
0 6628
1 6697
0 2046
1 2158
1 2198
1 2192
0 2198
1 2123
1 2060
1 1947
1 2003
1 1712
1 1851
1 1789
1 1878
1 2060
0 1789
1 1542
1 1542
1 1542
1 1542
0 1542
1 1542
1 1542
0 7789
1 7912
1 7880
1 7589
1 6981
1 6581
1 6744
1 6854
1 7073
1 7664
1 7912
1 8180
0 8307
1 8449
1 8633
1 8664
1 8780
1 38
5 14
5 8774
1 8780
0 8314
1 8429
1 8649
1 8774
1 8683
1 8666
1 8312
1 8172
0 1016
1 914
1 833
1 495
0 1016
1 940
1 935
1 920
1 854
1 839
0 1016
1 1121
1 1219
1 1227
1 1202
1 1130
0 439
1 428
1 369
1 321
1 98
1 24
1 190
1 321
0 2549
1 2041
1 2019
0 351
1 382
1 359
1 436
1 509
1 594
1 488
1 433
1 293
1 223
1 9071
1 8968
1 8915
1 8851
1 8910
1 8983
1 8968
0 8727
1 8627
1 8477
1 8325
1 8304
1 8430
1 8575
1 8694
1 8719
1 8727
0 3044
1 2992
//1 6551034611
//1 7105035161
1 2772
1 2450
1 2552
1 0
1 2877
1 3164
1 3184
1 3044
0 3437
1 3467
1 3517
0 1174
1 1335
1 1354
1 1265
1 1246
1 1174
0 7678
1 7634
1 7535
1 7487
0 7535
1 7478
0 7342
1 7580
1 7347
0 7580
1 7622
1 7623
1 7649
1 7603
1 7439
1 7291
1 7233
1 7193
1 7038
1 7120
1 7233
0 7120
1 7216
1 7263
1 7469
1 7339
0 7216
0 7038
1 6912
1 6811
0 6912
1 6858
1 6878
1 6831
0 6858
1 6741
1 6615
0 6615
1 6878
1 6615
0 6615
1 6615
//0 6209015372
1 5983
1 5952
1 5943
1 5927
0 5952
1 6083
1 6133
1 6164
1 6240
1 6246
1 6261
1 6379
1 6552
1 6614
1 6579
1 6526
0 6614
0 5884
0 5884
1 5884
0 279
1 83
1 9015
1 8862
1 8936
0 7062
1 6972
1 6929
0 6972
1 6883
0 5674
1 6868
1 6580
1 6560
1 6445
0 5674
1 5887
1 5891
1 5853
1 5788
1 5866
1 5932
1 5878
1 5866
0 4118
1 3980
1 3908
0 1790
1 1496
1 1408
1 1060
1 1372
1 1345
1 1410
1 1456
1 1909
0 1345
1 1238
1 1037
1 1029
0 6782
1 6896
1 6904
0 543
1 598
1 621
1 663
1 543
0 6216
1 5896
1 5770
1 5670
1 6216
0 8539
1 8501
1 8847
1 9075
1 76
1 125
1 8847
0 5190
1 5053
1 4904
1 4659
1 4553
1 4294
1 4300
1 4659
0 4553
1 4517
1 4376
1 3353
0 4517
1 4334
1 4068
1 4032
0 4300
1 3756
1 3322
1 3887
1 4294
0 3887
1 3774
1 3568
1 3593
0 423
1 6788
1 6321
1 5902
1 5562
1 5734
1 6115
1 5902
0 4215
//1 8201033371
//1 7716037041
1 3785
1 3633
//1 7683022331
//1 7670008661
1 3205
1 3484
1 3733
1 3939
1 4215
0 3484
//5 8595033121
0 3733
//5 8579026921
0 4539
1 4688
1 4824
1 4909
1 4931
0 4909
1 5106
1 5055
1 4962
1 4824
0 5106
1 5263
1 5510
0 5055
1 5314
1 5337
1 5486
0 3614
1 3346
1 3222
1 2802
1 2734
1 3023
1 3222
0 7591
1 7404
1 7305
;Constellations/ConstellationFigures/harey/harconst.txt
0 602
1 457
1 336
1 268
1 225
1 334
1 463
0 336
1 164
1 14
0 214
1 162
1 164
1 153
1 62
1 8964
1 8975
1 8960
0 8964
1 8761
0 336
1 153
0 4272
1 4103
1 3870
1 3764
0 6162
1 6101
1 6019
1 5469
0 7949
1 7989
1 8092
1 8231
1 8417
0 8231
1 8413
1 8517
1 8596
1 8538
1 8413
1 8498
1 8697
1 8833
1 8840
1 8697
1 8672
1 8708
1 8840
1 8811
1 8816
1 8788
0 8938
1 8905
1 8891
1 8840
0 7601
1 7556
1 7524
1 7428
1 7376
1 7235
1 7192
0 7709
1 7569
1 7376
1 7234
1 7175
0 6499
1 6461
1 6460
1 6509
1 6294
1 6284
1 6228
0 6284
1 6461
0 950
1 886
1 837
1 823
1 800
1 837
0 800
1 616
1 552
1 568
1 616
1 668
1 545
0 668
1 886
0 2076
1 2087
1 2094
1 1576
1 1640
1 1707
1 2087
0 2076
1 1707
1 1604
1 1611
1 1640
0 5327
1 5350
1 5403
0 5350
1 5434
1 5601
1 5680
1 5732
1 5601
0 5680
1 5504
1 5446
1 5428
1 5434
0 5504
1 5339
1 5476
1 5504
0 5339
1 5234
1 5199
1 5184
0 1501
1 1502
0 1567
1 1602
1 1541
1 1147
//1 014471
//1 028502
0 1541
//1 006504
1 1942
0 1602
//1 014471
0 3571
1 3460
1 3448
1 3473
0 3460
1 3248
1 3168
1 3448
0 4913
1 4784
0 2595
1 2573
1 2656
1 2595
1 2490
1 2422
1 2293
0 2386
1 2422
1 2579
1 2617
1 2281
0 2537
1 2617
1 2645
1 2692
1 2579
1 2490
0 2692
1 2748
1 2826
0 2942
1 2844
0 7746
1 7775
1 7821
1 7935
1 7979
0 7821
1 8086
0 8079
1 8086
1 8074
0 7775
1 8074
1 8166
1 8277
1 8321
0 8074
1 8203
0 8212
1 8166
0 2325
//1 335291
//1 335506
1 3116
1 3306
1 3698
//1 357895
//1 358058
1 4198
1 4036
1 3684
1 3889
0 579
1 541
1 402
1 263
1 167
1 20
0 5027
1 5167
1 5191
1 5287
1 5366
1 5167
1 5167
0 5366
1 5439
1 5575
0 5287
1 5189
1 5192
1 5230
1 5131
1 4818
1 5167
1 5189
0 4818
1 4742
1 4620
1 4637
1 4389
//1 358961
1 4466
0 5266
1 5131
1 5458
0 7849
1 7956
1 8161
1 8237
1 8973
1 8693
1 8237
0 8693
1 8570
1 8464
1 8333
0 8464
1 8493
1 8315
1 8161
0 803
1 910
1 895
1 812
1 648
1 753
1 803
1 778
1 680
1 538
1 401
1 73
1 187
1 508
0 187
1 584
1 778
0 3317
1 4173
1 4673
1 4233
1 3339
1 3317
0 5703
1 5462
1 5669
0 1861
1 1955
1 2039
1 2105
1 2255
1 2295
0 2039
1 2119
0 4967
1 4982
1 4736
0 4982
5 4732
0 4982
5 4737
0 4982
5 4706
0 4982
5 4752
0 7151
1 7225
1 7253
1 7258
1 7241
1 7187
//1 324590
1 7067
0 5777
1 5746
1 5792
1 5848
1 5888
1 5946
1 5970
0 4622
1 4629
1 4661
1 4756
1 4774
0 4756
1 4695
1 4629
0 4695
1 4785
0 4774
1 4695
1 4661
1 4756
1 4629
//1 194645
1 4774
0 4661
1 4785
1 4622
1 4756
0 4729
1 4762
0 4852
1 4655
0 7327
1 7407
1 7468
1 7527
1 7795
1 7948
1 8114
1 8027
1 7923
//1 059586
1 7327
0 7923
1 7371
0 8027
1 8142
0 7416
1 7614
1 7795
1 7923
0 7851
1 7895
1 7882
1 7891
1 7927
1 7946
1 7905
1 7881
1 7857
1 7882
1 7851
0 7881
1 7870
1 7857
0 1337
1 1464
1 1673
1 1921
1 2014
0 1921
//1 355062
0 6553
1 6535
1 6704
1 6687
1 6553
0 6687
1 7309
1 6919
1 6395
1 6131
1 5985
1 5743
1 5290
1 4786
1 4433
0 7309
1 7581
0 6919
1 6926
0 8122
1 8177
1 8130
0 1678
1 1665
1 1559
1 1519
1 1462
1 1297
1 1230
1 1161
1 1135
1 1083
1 873
1 817
1 817
1 817
1 817
1 817
1 817
1 817
1 1346
1 1346
1 1392
1 882
1 882
1 882
1 882
1 896
1 793
1 882
1 720
1 673
1 565
1 471
0 962
1 840
1 611
0 2889
1 2851
1 2696
1 2472
1 2285
1 2215
//1 095324
0 2472
1 2342
0 2539
1 2696
1 2820
1 2904
1 2984
0 2989
1 2904
1 2776
1 2762
1 2483
0 2776
1 2649
1 2420
0 8352
1 8410
1 8485
1 8555
1 8635
1 8674
1 8746
0 8424
1 8635
1 8819
1 8786
0 6587
1 6167
1 6022
1 6091
1 6587
1 6694
1 6483
1 6417
1 6219
1 6211
1 6323
1 6417
0 6323
1 6147
1 6094
0 6323
1 6622
1 6525
1 6409
1 6405
0 6622
1 6778
1 6702
1 6417
0 6778
1 6728
1 6786
1 6894
1 7060
1 7068
0 1325
1 809
1 777
1 801
1 933
1 908
0 5286
1 5019
1 4551
1 4449
1 4551
1 3747
1 4231
1 4093
1 3993
1 3902
1 3902
1 3747
1 3844
1 3664
1 3546
1 3453
1 3417
1 3409
1 3481
1 3546
0 1207
1 97
1 805
1 704
1 569
1 590
0 7868
1 8139
1 8367
0 8139
1 7985
0 8497
//1 087555
1 8578
//1 063250
1 8571
1 8522
1 8578
0 8571
1 8540
1 8537
1 8584
1 8571
0 3730
1 3772
1 3872
1 3904
1 3730
0 3904
1 4030
1 4056
1 3974
1 3872
0 3974
1 3981
0 3974
1 3851
0 3974
1 4358
1 4398
1 4385
0 4358
1 4132
0 4358
1 4356
1 4533
0 4356
1 4299
1 4056
0 4246
1 4099
1 3973
1 3799
0 3973
1 4089
1 4246
0 1704
1 1701
1 1755
0 1828
1 1864
1 1701
1 1653
1 1828
1 1982
1 2034
1 2154
1 2084
1 1997
1 1864
0 5786
1 5684
1 5529
1 5786
1 5793
1 5811
0 5529
1 5602
0 5986
1 5947
1 5775
1 5707
1 5645
1 5648
1 5468
1 5570
1 5694
1 5704
1 5882
0 5775
1 5694
0 3704
1 3689
//1 050954
1 3274
1 2817
1 2559
1 2237
0 7156
1 7050
1 7000
1 6871
1 7105
1 7177
1 7313
1 7297
1 7156
0 7177
1 7130
0 7105
1 7055
0 2260
1 1952
1 1628
1 1676
0 8150
1 8134
1 8038
1 7964
//0 191324
1 3187
1 2969
0 3187
1 2713
1 2355
1 2226
0 2713
1 2505
1 2106
1 2384
1 2455
0 2384
1 2505
0 4922
1 4797
1 4772
0 4843
1 4797
1 4670
1 4529
0 6114
1 6057
1 6071
1 5961
0 5338
1 8253
1 8480
1 8629
1 5338
0 6518
1 6485
1 6452
1 6444
1 6377
1 6174
1 6146
1 6103
1 6152
0 6174
1 6298
1 6555
1 6602
1 6298
0 6602
//1 200658
1 6377
0 6602
1 6628
1 6713
1 6751
0 6298
1 6148
1 6074
0 2198
1 2046
1 2046
1 2158
1 2198
1 2123
1 2060
1 1947
1 2003
1 1712
1 1851
1 1789
1 2060
0 1878
1 1838
0 1789
1 1542
1 1542
1 1542
1 1542
0 1542
1 1542
1 1542
0 7789
1 7912
1 7880
1 7589
1 6981
1 6581
1 6744
1 6854
1 7073
1 7664
1 7912
1 8180
0 8307
1 8633
0 8449
1 8633
1 8664
1 8429
0 8172
1 8314
1 8429
1 8312
0 8429
1 8666
0 8448
1 8649
1 8683
1 8666
1 8780
1 8664
0 8794
1 8780
0 8716
1 8780
1 38
1 14
1 8774
1 8780
0 8774
5 38
0 1260
//1 029054
1 1302
1 1272
1 1121
1 1086
1 1016
1 914
1 833
1 853
1 914
0 853
1 936
0 1016
1 936
1 798
1 495
0 936
1 940
1 935
1 920
1 839
0 935
1 1219
0 1130
1 1202
1 1227
1 1219
1 1134
1 532
1 1016
0 439
1 428
1 369
1 321
1 98
1 24
1 8948
//1 329482
1 9068
0 321
1 337
1 190
1 24
0 2549
1 2041
1 2019
0 351
1 382
1 359
1 351
0 359
1 436
1 509
1 594
1 488
1 433
1 293
1 223
1 9071
1 8968
1 8915
1 8851
1 8910
1 8983
1 8968
0 8727
1 8627
1 8477
1 8325
1 8304
1 8430
1 8575
1 8694
1 8719
1 8727
0 3191
1 3101
1 3044
1 2992
//1 252722
//1 284035
1 2772
1 2450
1 2552
1 0
1 2877
1 3164
1 3184
1 3101
0 3437
1 3467
1 3517
0 1174
1 1335
1 1354
1 1265
1 1246
1 1174
0 7678
1 7634
1 7535
1 7487
0 7535
1 7478
0 6741
1 6858
1 6912
1 6811
1 6741
1 6831
1 6878
1 6858
1 7038
1 7120
1 7263
1 7339
1 7341
0 7263
1 7144
1 7120
1 7233
1 7193
1 7038
0 7233
1 7622
1 7347
1 7193
0 7342
1 7347
0 7580
1 7622
//0 296857
1 6526
1 6507
//1 296558
1 6579
1 6614
1 6552
1 6379
1 6261
1 6246
1 6240
1 6164
1 6133
1 6083
1 6027
1 5927
1 5943
0 6083
1 6025
1 5983
1 5952
0 279
1 83
1 9015
1 8862
1 8936
0 7062
1 6972
1 6929
1 7031
1 7062
0 7140
//1 165207
//1 165145
//1 165024
1 6868
1 6580
1 6560
1 6445
5 6128
1 6074
1 6055
1 5674
1 5887
1 5891
1 5853
1 5788
1 5866
1 5932
1 5878
1 5841
1 5866
0 4118
1 3980
1 3908
0 1177
1 1391
1 1496
1 1909
1 1456
1 1345
1 1238
1 1037
1 1029
1 1100
0 1250
1 1037
1 1065
0 1391
1 1386
1 1408
1 1372
1 1410
0 1345
1 1319
0 1457
1 1472
1 1345
0 1790
1 1496
0 6782
1 6896
1 6904
0 543
1 598
1 621
1 663
1 543
0 6216
1 5896
1 5770
1 5670
1 6216
0 8539
1 8501
1 8847
1 9075
1 76
1 125
1 8847
0 5190
1 5053
1 4904
1 4659
1 4553
1 4294
1 4300
1 4659
0 4300
5 3756
5 3322
5 3568
5 3593
5 4068
5 4373
5 4376
5 4334
5 4517
5 5190
0 3756
5 3887
5 3893
5 4032
0 423
1 6788
1 6321
1 5902
1 5562
1 5734
1 6115
1 5902
0 4215
//1 315541
//1 315161
1 3785
1 3633
//1 313500
//1 313335
1 3205
1 3484
1 3733
1 3939
1 4215
0 4607
1 4516
1 4539
1 4688
1 4824
1 4607
0 4824
1 4909
1 4931
0 4909
1 5106
1 5055
1 4962
1 4824
0 5106
1 5263
1 5510
0 5055
1 5314
1 5337
1 5486
0 5337
1 5263
0 3614
1 3346
1 3222
1 2802
1 2734
1 3023
1 3222
0 7591
1 7404
1 7305
;Constellations/ConstellationFigures/dhmenzel/DHMENZEL.TXT
0 8960
1 8975
1 8964
1 8761
0 214
1 162
1 164
1 153
1 67
1 62
1 8975
0 336
1 268
1 225
1 334
0 336
1 153
0 14
1 164
1 336
1 457
1 602
0 602
0 6162
1 6101
1 5469
0 7949
1 8092
1 8231
0 8417
1 8231
1 8413
1 8538
1 8557
1 8596
0 8557
1 8517
1 8413
1 8498
1 8697
1 8672
1 8708
1 8840
1 8697
1 8833
1 8840
1 8811
0 8840
1 8891
0 7709
1 7569
1 7376
1 7234
1 7175
0 7601
1 7556
1 7524
1 7376
1 7235
1 7192
0 6509
1 6460
1 6461
1 6499
1 6228
1 6284
1 6294
1 6509
0 837
1 616
1 552
1 545
1 616
0 2087
1 2076
1 1707
1 1604
1 1611
1 1640
1 1707
1 2087
1 2094
1 1790
1 1576
1 1640
0 5350
1 5327
1 5403
1 5350
1 5434
1 5428
1 5504
1 5339
1 5234
1 5199
1 5184
0 5339
1 5476
1 5504
1 5680
1 5732
1 5601
1 5434
0 5601
1 5680
0 1541
1 1602
1 1567
//1 028511
1 1541
0 3571
1 3460
1 3473
0 3460
1 3248
0 4913
1 4784
0 2595
1 2573
1 2656
1 2595
1 2490
1 2422
1 2386
0 2490
1 2579
1 2692
0 2293
1 2422
1 2579
1 2617
1 2537
0 2826
1 2748
1 2692
1 2645
1 2617
1 2281
0 2942
1 2844
0 8321
1 8277
1 8166
1 8074
1 7775
0 8166
1 8203
1 8074
1 7979
0 7935
1 7775
1 7746
0 2325
1 3684
1 4036
1 4198
//1 358201
//1 339804
//1 339549
//1 339063
//1 357895
1 3698
1 3306
1 3205
0 541
1 402
1 263
1 167
1 20
0 4389
1 4620
1 4742
0 4466
1 4637
1 4742
1 4818
1 5131
1 5266
0 5458
1 5131
1 5230
1 5189
1 5167
1 5027
1 5167
1 5209
0 5167
1 5191
0 5575
1 5439
1 5247
1 5189
0 4818
1 5230
1 5259
1 5247
1 5284
1 5366
1 5287
1 5189
0 8237
1 8973
1 8693
1 8237
1 8161
1 7956
1 7849
0 8161
1 8315
1 8493
1 8464
1 8570
1 8693
0 8333
1 8464
0 803
1 648
1 812
1 895
1 910
1 803
1 32
1 680
1 538
0 584
1 508
1 538
1 401
1 333
1 73
1 187
1 508
0 333
1 187
0 3317
1 4173
1 4673
0 5703
1 5462
1 5669
0 2105
1 2295
1 2255
1 2105
0 1861
1 1955
1 2039
1 2105
1 2119
1 2039
0 7225
1 7253
1 7258
1 7241
1 7187
0 5777
1 5746
1 5792
1 5848
1 5946
0 4622
1 4629
1 4661
1 4756
1 4785
1 4629
0 4774
1 4756
0 4566
1 4513
1 4404
1 4381
1 4401
1 4467
1 4566
0 4404
1 4342
0 4286
1 4381
0 4729
1 4762
0 4852
1 4655
0 7327
1 7407
//1 059586
1 7923
1 8027
1 8114
1 7948
1 7795
1 7527
1 7327
0 7416
1 7795
1 7923
1 8078
0 8129
1 8142
1 8027
0 7851
1 7881
1 7927
1 7946
1 7905
1 7881
0 1337
1 1464
1 1921
1 2014
//1 355062
1 1921
0 4433
1 4786
1 5290
1 5743
1 5985
1 6131
1 6395
1 6919
1 7309
1 6687
1 6553
1 6535
1 6704
1 6687
0 7581
1 7309
0 6926
1 6919
0 1480
1 1678
1 1665
1 1559
1 1519
1 1462
1 1297
1 1230
1 1135
1 1083
1 873
1 817
1 817
1 817
1 817
1 1346
1 1392
1 882
1 882
1 882
1 882
1 896
1 793
1 882
1 720
1 673
1 565
1 471
0 962
1 840
0 2889
1 2696
1 2472
1 2285
1 2215
1 2133
0 2472
1 2342
0 2989
1 2904
1 2776
1 2649
1 2420
0 2776
1 2762
1 2483
0 2984
1 2904
1 2820
1 2696
1 2539
0 8352
1 8410
1 8424
1 8555
1 8786
1 8819
1 8635
1 8424
0 8635
1 8674
0 8635
1 8746
0 6022
1 6091
1 6167
1 6219
1 6211
1 6147
1 6094
0 6219
1 6417
0 6147
1 6405
0 6587
1 6417
1 6323
1 6409
1 6405
0 6147
1 6525
1 6622
1 6702
1 6778
0 6694
1 6706
1 6702
1 6728
1 6786
0 5286
1 3296
1 5019
1 4551
1 4449
1 4551
1 3747
1 4231
1 4093
1 3993
1 3902
1 3747
1 3844
1 3758
1 3664
1 3546
1 3453
1 3417
1 3409
1 3481
1 3546
0 97
1 1207
1 805
1 704
1 590
0 7868
1 7985
0 8497
1 8584
0 3730
1 3772
1 3872
1 3904
1 3730
0 3904
1 4030
1 4056
1 3974
1 3981
0 3851
1 3974
1 4358
1 4356
1 4533
0 4358
1 4398
1 4385
0 4358
1 4132
0 4056
1 4299
1 4356
0 3974
1 3872
0 4246
1 4099
1 3973
1 4246
0 1704
1 1701
1 1653
1 1828
1 1864
1 1701
1 1755
0 1864
1 1997
1 2084
1 2034
1 1982
1 1828
0 5811
1 5793
1 5786
1 5529
1 5602
0 5786
1 5684
1 5529
0 5882
1 5704
1 5947
1 5986
0 5704
1 5775
1 5796
0 5704
1 5694
1 5625
1 5604
1 5645
1 5648
0 5625
1 5707
1 5682
0 5604
1 5468
1 5395
0 5468
1 5353
0 5424
1 5452
1 5468
1 5570
1 5704
0 3704
1 3689
//1 050954
1 3274
1 2817
1 2237
0 7000
1 7050
1 7055
1 7105
1 7177
1 7130
1 7055
1 7000
0 2969
1 3187
1 2713
1 2355
1 2226
0 2713
1 2106
1 2384
0 4922
1 4797
1 4772
0 4843
1 4797
1 4670
1 4843
0 5338
1 8253
1 8629
1 5338
0 6491
1 6452
1 6485
1 6444
1 6377
1 6174
1 6146
0 6174
1 6298
1 6280
1 6074
0 6298
1 6555
1 6602
1 6298
0 6377
1 6602
1 6628
1 6751
1 6868
0 2003
1 1947
1 2060
1 2123
1 2198
1 2046
1 2046
1 2158
1 2198
0 2060
1 1838
1 1789
1 1542
0 1838
1 1878
0 1542
1 1542
1 1542
1 1542
1 1555
0 1789
1 1851
1 1787
1 1712
0 1947
1 1902
1 1851
0 7789
1 8180
1 7912
1 7664
1 7589
1 6981
1 7106
1 7664
1 7789
0 7106
1 7073
1 6854
1 6744
1 7073
0 6581
1 6744
0 8307
1 8633
1 8664
1 8780
1 38
1 14
1 8774
1 8780
1 8666
1 8683
1 8649
1 8448
0 8666
1 8429
1 8314
1 8172
0 8312
1 8429
1 8664
0 8449
1 8633
0 1260
1 1302
1 1272
1 1121
1 1051
1 1016
1 914
1 833
1 853
1 914
0 853
1 936
1 940
1 935
1 920
1 839
0 935
1 1219
0 1130
1 1202
1 1227
1 1219
1 1134
1 1051
0 936
1 798
//1 044238
0 321
1 439
1 554
1 321
1 428
1 99
1 98
1 24
1 99
1 337
1 321
1 99
0 2549
1 2041
1 2019
0 351
1 382
1 359
1 351
0 359
1 436
1 509
1 594
1 293
1 223
1 9071
1 8968
1 8915
1 8851
1 8910
1 8983
1 8968
0 8727
1 8627
1 8304
1 8575
1 8694
1 8719
1 8727
0 2325
1 2450
1 2772
1 2992
1 3044
1 3184
1 3164
1 3205
0 3517
1 3467
1 3437
1 3164
0 1174
1 1335
1 1354
1 1246
1 1174
0 7634
1 7535
1 7487
0 7535
1 7478
0 7336
1 7347
1 7193
1 7038
1 7120
1 7263
1 7339
0 7580
1 7622
1 7233
1 7193
0 7347
1 7622
0 7263
1 7144
1 7120
1 7233
0 7038
1 6858
1 6741
1 6811
1 6912
1 6858
1 6878
1 6831
1 6741
0 5884
1 6526
1 5884
1 6579
1 6614
1 6552
1 6379
1 6261
1 6246
1 6240
1 6164
1 6133
1 6083
1 5927
1 5943
0 5952
1 5983
1 6025
1 6083
0 279
1 8862
1 8936
1 279
0 7062
1 6972
0 7140
1 6868
1 6697
1 6580
1 6560
1 6445
1 6074
1 6055
1 5880
1 5891
1 5853
1 5867
1 5788
1 5866
1 5932
1 5878
1 5841
1 5866
0 1790
1 1408
1 1372
1 1345
1 1456
1 1909
0 1372
1 1238
1 1065
1 1037
1 1029
1 1100
0 1037
1 1250
0 1319
1 1238
1 1472
1 1457
0 6896
1 6904
0 543
1 621
1 663
1 543
0 6216
1 5896
1 5770
1 5670
1 6216
0 8501
1 8847
1 76
0 125
1 8847
0 5190
1 5053
1 4904
1 4659
1 4553
1 4294
1 4300
1 4659
0 4553
1 4517
1 4376
1 4373
0 4517
1 4334
1 4068
1 4032
0 4300
1 3756
1 3322
1 3887
1 4294
0 3887
1 3774
1 3568
0 3774
1 3593
0 423
1 6788
1 6321
1 5902
1 5562
1 5734
1 6115
1 5902
0 3205
//1 337127
1 3484
1 3939
1 4215
//1 315541
//1 315161
1 3785
1 3633
1 3205
0 4607
1 4516
1 4539
1 4688
1 4824
1 4607
0 4931
1 4909
1 4824
1 4962
1 5055
1 5314
1 5337
1 5263
1 5106
1 4909
0 5106
1 5055
0 5337
1 5486
0 5263
1 5510
0 3614
1 3346
1 3222
1 3023
1 2734
1 3222
1 3614
0 3222
1 2802
;
