104
132.710281
0.000000
-6751.246582 6641.989746 -68313.679688
0.804146 -0.042287 -0.012782 0.592788
1.635765
7544.198730 3608.161865 -39043.785156
0.765508 -0.047724 -0.004186 0.641640
2.502434
17193.910156 2908.248047 -24661.884766
0.612649 0.124791 0.146166 0.766631
3.391535
28090.187500 4009.260742 -10652.627930
0.668012 0.086981 0.104288 0.731655
5.049599
26218.365234 11678.335938 21555.332031
0.401647 0.524867 0.567074 0.491548
7.137153
-12384.837891 5752.182617 36314.253906
0.576335 0.557291 0.454138 0.388614
8.615830
-39817.496094 8783.583008 46937.578125
0.444370 0.661235 0.535292 0.280648
9.516120
-57741.675781 8092.088379 45371.015625
0.318387 0.716330 0.588684 0.197360
10.969363
-75595.398438 6917.803223 22466.167969
0.344117 0.615880 0.602386 0.373371
12.741589
-110367.398438 13745.427734 23244.203125
0.410095 0.534841 0.666977 0.317659
15.495587
-164847.375000 18211.783203 16477.541016
0.135070 0.650859 0.746963 0.013540
16.745098
-163374.593750 21431.826172 -8260.540039
0.002788 0.640501 0.767848 -0.012571
18.168949
-159906.953125 18010.554688 -36317.839844
0.046376 0.588209 0.807354 -0.006065
19.756180
-156453.546875 20272.021484 -67792.921875
-0.099722 0.615342 0.754919 -0.203729
21.478020
-135156.593750 6316.199219 -90978.437500
-0.071956 0.698517 0.699486 -0.132712
22.477470
-133632.296875 3102.389404 -110648.421875
-0.139510 0.637402 0.718225 -0.241672
23.789728
-120159.437500 -1426.710083 -132711.437500
-0.288563 0.701665 0.571279 -0.313108
24.493872
-110075.171875 -1691.324585 -142538.156250
-0.377799 0.593616 0.520965 -0.483199
24.987164
-104650.531250 1071.492798 -150301.843750
-0.467577 0.543822 0.470168 -0.514363
26.424032
-76091.007813 2457.325195 -147426.062500
-0.587466 0.412282 0.283069 -0.636221
28.224478
-46812.394531 3982.499512 -126519.625000
-0.435384 0.564257 0.488579 -0.503332
30.368624
-4926.115723 12182.974609 -122367.968750
-0.397364 0.429341 0.581216 -0.565643
31.918863
25929.328125 10544.549805 -124928.195313
-0.502681 0.377406 0.512022 -0.585411
32.713722
41183.246094 6355.576660 -123349.929688
-0.523138 0.525385 0.375826 -0.555921
33.058254
47027.253906 4702.840820 -120094.562500
-0.594380 0.547548 0.162289 -0.566182
33.317024
49406.832031 5443.663574 -115558.781250
-0.341272 0.559625 0.308739 -0.689225
33.712563
56368.347656 2090.854980 -113862.851563
-0.333960 0.750494 0.244604 -0.515165
34.097202
63977.921875 2894.056885 -114655.210938
-0.031053 0.736013 0.518144 -0.434561
34.432735
69376.875000 3480.286377 -118597.375000
0.092445 0.725395 0.563962 -0.383667
35.059097
74585.328125 2748.381348 -129966.968750
-0.153764 0.774047 0.257815 -0.557437
35.410957
80272.148438 1411.573853 -133890.593750
-0.275474 0.752349 0.055126 -0.595854
36.220154
95986.765625 1763.450317 -130037.585938
-0.451522 0.638338 0.506069 -0.364066
37.092770
110254.554688 1066.699829 -140063.984375
-0.643639 0.379616 0.250071 -0.615696
38.344978
133134.812500 1308.898804 -129883.234375
-0.758888 0.061825 -0.029536 -0.647604
38.900352
136796.375000 1941.249268 -119415.726563
-0.786300 -0.108324 -0.231330 -0.562567
39.581657
128117.601563 1828.960938 -108911.601563
-0.745502 0.059222 -0.018787 -0.663599
39.986599
129943.281250 1793.002075 -101021.296875
-0.699479 0.165001 0.248035 -0.649599
40.683460
137382.203125 -2566.173096 -90071.117188
-0.814515 0.222923 0.070366 -0.530958
41.043541
139394.406250 -379.833313 -83511.078125
-0.805706 -0.072021 -0.046957 -0.586040
41.334442
136266.937500 2065.631348 -79258.054688
-0.792484 -0.094064 -0.067270 -0.598827
41.698635
136819.359375 3441.757568 -72126.750000
-0.578176 0.262955 0.281616 -0.719205
42.287487
146700.187500 1973.183960 -65888.843750
-0.716307 0.545013 0.302896 -0.313233
42.845303
156179.093750 7283.721680 -68420.914063
-0.488574 0.518331 0.474162 -0.517489
43.558773
170230.000000 9417.812500 -69698.867188
-0.360351 0.413317 0.580354 -0.602081
44.084888
180209.234375 11639.858398 -72188.031250
-0.537799 0.237097 0.260452 -0.765975
45.590485
193217.875000 -4791.373047 -50565.894531
-0.644780 0.137534 0.101736 -0.744976
47.405617
214061.843750 -3781.852051 -20860.798828
-0.605177 0.342275 0.222278 -0.683519
49.635361
252153.609375 -8580.367188 1826.013916
-0.702256 0.301272 0.169968 -0.622237
50.547981
266911.000000 -6302.412109 12322.725586
-0.709802 0.169384 0.051154 -0.681813
52.790085
289720.062500 -1125.209717 50581.769531
-0.699475 -0.154799 -0.188509 -0.671739
54.793552
277893.218750 1325.300781 88787.421875
-0.640628 -0.286894 -0.320516 -0.636046
58.033279
225147.968750 -2565.468750 126219.156250
-0.647422 -0.275889 -0.325603 -0.631434
61.620876
177489.125000 12240.265625 177772.687500
-0.564433 0.021270 -0.067476 -0.822439
63.949917
169885.421875 2631.345215 222712.906250
-0.588723 0.114358 0.181526 -0.779341
65.613350
179826.281250 2305.734619 254459.984375
-0.580270 0.306327 0.470247 -0.590181
69.230545
246353.656250 4236.409668 282815.125000
-0.462040 0.415228 0.565616 -0.542381
72.590759
311697.093750 7824.173340 267525.343750
-0.572222 0.437055 0.346693 -0.601119
74.786507
351263.687500 14465.442383 249667.640625
-0.618256 0.318371 0.186976 -0.693855
76.544060
385775.812500 11923.588867 255836.343750
-0.684766 -0.028036 -0.064072 -0.725396
77.761246
394813.750000 14787.263672 278258.062500
-0.472300 -0.142939 -0.320634 -0.808510
78.527946
399220.000000 15393.270508 292932.875000
-0.182441 -0.561316 -0.718191 -0.368559
79.501968
380362.406250 11284.286133 290287.718750
0.267615 -0.648827 -0.649424 0.292660
80.153091
382050.718750 12487.980469 277431.375000
0.537440 -0.291226 -0.321228 0.723293
80.895241
392872.125000 14094.569336 267399.906250
0.603737 0.079131 0.157655 0.777422
81.612564
406107.906250 15531.624023 262054.718750
0.585720 0.169695 0.252830 0.751141
82.432472
420849.875000 15687.084961 269234.375000
0.525868 0.315194 0.454314 0.646308
83.159637
424978.968750 8919.346680 281426.906250
0.518015 0.453631 0.535165 0.489364
84.525764
399192.281250 1122.924438 285985.843750
0.555547 0.393731 0.497652 0.537290
86.596191
358516.093750 -3918.752686 291876.031250
0.518790 0.519311 0.489198 0.471012
90.820496
274398.406250 1372.245728 286034.968750
0.401635 0.547160 0.593370 0.432680
93.638474
218719.796875 -800.034119 277574.531250
0.353901 0.567712 0.714465 0.204918
95.756226
182390.765625 1889.371460 255966.234375
-0.012136 -0.622058 -0.776067 -0.103010
97.472107
171920.000000 -1093.771729 223421.406250
0.154791 -0.751828 -0.636436 0.075753
101.313545
194013.203125 14584.323242 151527.453125
0.357599 -0.518711 -0.663158 0.404076
104.684517
252249.921875 4630.840820 119049.906250
0.264796 -0.627021 -0.714596 0.161475
107.282578
289330.062500 4925.758301 82650.179688
-0.103777 -0.646995 -0.711285 -0.254353
110.052414
280031.187500 5320.091309 28040.951172
-0.228875 -0.614627 -0.667650 -0.352260
113.108437
228488.812500 7041.516602 -4763.398926
-0.145380 -0.641067 -0.736450 -0.159794
114.436783
206359.546875 7566.490234 -19454.287109
-0.058752 -0.619010 -0.781459 -0.051881
117.146889
194571.984375 8085.928711 -72356.601563
-0.591282 -0.421593 -0.457098 -0.513520
118.154907
174498.093750 8213.027344 -70496.390625
-0.591282 -0.421593 -0.457098 -0.513520
118.546333
166797.875000 9614.884766 -70334.812500
-0.382767 -0.258034 -0.586562 -0.665469
119.173500
155103.593750 6279.408691 -67260.109375
-0.295646 -0.166904 -0.622785 -0.704891
119.763283
144583.203125 1020.590698 -66364.367188
-0.476863 -0.577953 -0.608768 -0.260710
120.339386
136712.375000 3626.413574 -74365.429688
-0.067467 -0.540721 -0.816252 0.191832
120.874321
140366.187500 -1969.333496 -82720.046875
-0.295667 -0.672034 -0.677569 0.043004
121.517387
134735.234375 1064.518555 -93878.031250
-0.405454 -0.683904 -0.603925 -0.056150
122.179108
127968.265625 2204.728027 -105194.273438
-0.295694 -0.596388 -0.714108 -0.216640
122.997559
115495.562500 1298.579102 -115756.164063
-0.392786 -0.504927 -0.630581 -0.439468
123.622017
106316.531250 2303.813721 -124165.296875
-0.409070 -0.545490 -0.602416 -0.414963
124.059387
99413.656250 1503.901855 -129478.179688
-0.555007 -0.423684 -0.492466 -0.519551
124.332001
94005.882813 1410.739258 -130166.867188
-0.494204 -0.479482 -0.603631 -0.401853
124.812813
85002.132813 1473.172485 -133543.343750
-0.686219 -0.365396 -0.432772 -0.456393
125.354805
74509.921875 3326.136475 -131548.015625
-0.647551 -0.015968 -0.156884 -0.745525
125.788376
72359.687500 3806.275879 -123161.148438
-0.654196 -0.180830 -0.347945 -0.646730
126.099831
68584.617188 3426.267334 -118220.929688
-0.662475 -0.224309 -0.427767 -0.572560
126.527466
61214.328125 2099.834961 -114089.570313
-0.620540 -0.437918 -0.561746 -0.328020
127.008873
52176.906250 5202.714355 -115271.843750
-0.478771 -0.587856 -0.618576 -0.206316
127.329620
47882.000000 5219.825195 -120036.757813
-0.517215 -0.548238 -0.618029 -0.223522
127.647621
42517.964844 6019.637695 -123359.000000
-0.703914 -0.509789 -0.435927 -0.233638
127.999191
36147.179688 8907.970703 -124073.960938
-0.762970 -0.247922 -0.351627 -0.482461
128.770828
34024.734375 14604.637695 -109889.117188
-0.657098 0.078316 0.016882 -0.749535
129.997498
41524.582031 16137.219727 -86580.468750
-0.707760 0.085688 0.006178 -0.701209
131.227600
19683.638672 18045.718750 -75418.726563
-0.627810 0.061080 -0.051000 -0.774288
